-0.000000000000000007441194428117264560025604868908634	 0.10
-0.000000000000000024341742921928084289584008262016751	 0.11
-0.000000000000000023411705841743569447663255959050435	 0.12
0.000000000000000027867547272479728041639287535702563	 0.13
0.000000000000000030601232764335851317101355916662056	 0.14
-0.000000000000000008307294680605723812116374528856284	 0.15
0.000000000000000035543415250850035183314474386061740	 0.16
0.000000000000000045900473737450996582170525024426571	 0.17
0.000000000000000040714139826405925643048871551619928	 0.18
0.000000000000000049167713555929911039499981683621842	 0.19
-0.000000000000000001612229836686705662120434143592748	 0.20
0.000000000000000051117243332046568045379120285893360	 0.21
0.000000000000000006658981702166277143894849739386204	 0.22
-0.000000000000000050740851400243823034509033862229542	 0.23
-0.000000000000000056603965062357715372420286859296902	 0.24
0.000000000000000079523667106337566362132841313214247	 0.25
-0.000000000000000035940750673505934115002594582322183	 0.26
-0.000000000000000048578666097220284012900106426255151	 0.27
0.000000000000000091994815725003946388131594577099323	 0.28
0.000000000000000095608396495259069032766226225727666	 0.29
0.000000000000000110681969678245523887937080008963935	 0.30
-0.000000000000000051662738666840610752194950999297471	 0.31
0.000000000000000096440481660302193357235383758280513	 0.32
0.000000000000000005420413337256676010564867931099862	 0.33
0.000000000000000025413408804371762450621003028688159	 0.34
0.000000000000000137108153330438347502912743968698916	 0.35
0.000000000000000049439052954789306569227057051132458	 0.36
0.000000000000000118342962747500351390825951271120206	 0.37
-0.000000000000000055266488871908807726229960300941147	 0.38
-0.000000000000000004307925131746061391681185732889868	 0.39
-0.000000000000000129192843198776259577430777073076234	 0.40
-0.000000000000000126234090039006075831870942614182968	 0.41
0.000000000000000133091821009487478921161969444957299	 0.42
-0.000000000000000134984682420454245609915834017386974	 0.43
0.000000000000000160011870337359836456935600163956930	 0.44
0.000000000000000194245924088336348558620925163478720	 0.45
-0.000000000000000029380649651393992932262271102301293	 0.46
0.000000000000000213658454146497280193323081662330607	 0.47
-0.000000000000000193622792334994673208267098843200953	 0.48
-0.000000000000000036085937864365794978339121490555202	 0.49
-0.000000000000000217362331334200690996136694747328627	 0.50
0.000000000000000029721165536829754875077488557359727	 0.51
0.000000000000000227189881522721216961489566905548652	 0.52
-0.000000000000000151274633864652915481156522541919767	 0.53
-0.000000000000000260287996640970706999117391835397908	 0.54
-0.000000000000000257005917592474372075995190539461238	 0.55
-0.000000000000000262596612659767985166890274589383769	 0.56
0.000000000000000002364800569496505725302776335827216	 0.57
-0.000000000000000058018334126204187061908594885773149	 0.58
-0.000000000000000200377057298903924424443575168018677	 0.59
-0.000000000000000012635254977012885680575632342236409	 0.60
0.000000000000000191112985633717892312415209270843130	 0.61
0.000000000000000015884918082859066555385937689576174	 0.62
-0.000000000000000290265165186623845777468293320495287	 0.63
0.000000000000000333039756069719278953995635996785669	 0.64
-0.000000000000000259037458206815405955104072034926592	 0.65
-0.000000000000000087648288632122762509070185936719042	 0.66
-0.000000000000000133358943364321248632492440754904681	 0.67
0.000000000000000332911715267057477015637117126580612	 0.68
-0.000000000000000094014900151830632081565206949023750	 0.69
0.000000000000000050147159930517222630035908617857670	 0.70
-0.000000000000000280605588808182922730978403859261555	 0.71
-0.000000000000000359918468311955073337678659710066922	 0.72
-0.000000000000000292454993692265230123262826050549393	 0.73
-0.000000000000000272550150128308358279781177125677511	 0.74
-0.000000000000000366091827732988751998118255057661782	 0.75
0.000000000000000291759792138679193035830784040295904	 0.76
0.000000000000000404376753775350753596197547780187229	 0.77
-0.000000000000000464259169841482765462125056937053815	 0.78
0.000000000000000250887973530382100523945775952354882	 0.79
0.000000000000000479888073816452800264887855505630179	 0.80
-0.000000000000000471509795480927849186167626374699435	 0.81
0.000000000000000296307155767579850220537773988269566	 0.82
0.000000000000000065619553901478020924365921896427265	 0.83
0.000000000000000511435361845159690266252676857536606	 0.84
-0.000000000000000224488158777484467627844643967951549	 0.85
-0.000000000000000507834143454746080962476872161373655	 0.86
-0.000000000000000304274639649123509350490981077571815	 0.87
-0.000000000000000491744935213708314220921962967222059	 0.88
0.000000000000000390373734112364380061431695623883552	 0.89
-0.000000000000000504133026566555501233536639424698644	 0.90
0.000000000000000148550055337482591636862875793914660	 0.91
-0.000000000000000531138772687760247814168184605660012	 0.92
-0.000000000000000149693913261648589539258325278765645	 0.93
0.000000000000000192027085334141850280378877158263097	 0.94
-0.000000000000000535681269702392587060526684456483271	 0.95
-0.000000000000000451294828874029544345676280645739050	 0.96
0.000000000000000614165468550146138607008785751490911	 0.97
-0.000000000000000520794550089737954236186444502755826	 0.98
-0.000000000000000118439043556987831840372027748308270	 0.99
-0.000000000000000453136240400348575590909846390480609	 1.00
0.000000000000000160126852560939110924150574127066202	 1.01
-0.000000000000000368705480594586803994210341422839333	 1.02
0.000000000000000243366962025397567289340309001599042	 1.03
-0.000000000000000650004065695839875842613661844967504	 1.04
-0.000000000000000635064208298613731439901287516925628	 1.05
0.000000000000000715398012814599614202362322797095195	 1.06
-0.000000000000000679303200724336352669962741220376862	 1.07
0.000000000000000237227602748379757565877871648094406	 1.08
-0.000000000000000449367738624398312091538956459006768	 1.09
0.000000000000000435975902412195476597005155116500029	 1.10
0.000000000000000663264986439830643484189164520433232	 1.11
0.000000000000000033718868307421289128921711832512060	 1.12
-0.000000000000000540879579022286190215154583237551554	 1.13
-0.000000000000000685685167300611252542155296121385293	 1.14
-0.000000000000000129459055956382578638582740300832653	 1.15
0.000000000000000565121928994699572873532589144187095	 1.16
-0.000000000000000685059581989946114972732170764994147	 1.17
0.000000000000000824841241239302830907945871515696070	 1.18
-0.000000000000000846155704107453990144077781146475707	 1.19
-0.000000000000000886693667514717036344399146949057885	 1.20
-0.000000000000000268209803129522795679030497834836817	 1.21
0.000000000000000541339919473810795476465402817184204	 1.22
0.000000000000000908162770996778058807227962777151432	 1.23
-0.000000000000000276463733454720170982512951263437964	 1.24
0.000000000000000659962398886946195340974685109067031	 1.25
0.000000000000000521150784662047407485188479798925692	 1.26
0.000000000000000801766821013127839248653745874856365	 1.27
-0.000000000000000321215526544180665891195306448667492	 1.28
-0.000000000000000974268826726202558322761453334624732	 1.29
-0.000000000000000894292046101609948005363189659803410	 1.30
0.000000000000000797399168165235211576186195033576581	 1.31
0.000000000000000970594332791669160516995277316660584	 1.32
-0.000000000000000950179975445819015815437296821384331	 1.33
0.000000000000001031603160773731995263129961484840745	 1.34
0.000000000000000833250328818734358786852710448041578	 1.35
-0.000000000000000778360176592998258153557291020726541	 1.36
0.000000000000000883575189373021369888563251133906966	 1.37
0.000000000000001092456110464644118613786787408309688	 1.38
0.000000000000000585712133739359465666098375034406214	 1.39
0.000000000000001098936793339671289055028731422235212	 1.40
-0.000000000000000062769061896292370169587482538951834	 1.41
-0.000000000000001133589312707844014445013182165350895	 1.42
0.000000000000000178681400513798341516300381118160511	 1.43
0.000000000000000680008537872199510960496268148987122	 1.44
-0.000000000000001163278187983836173297499853485355428	 1.45
0.000000000000001053914796493624037071209076135378608	 1.46
-0.000000000000000714594950660969530640446797724760707	 1.47
-0.000000000000000518856786510432863876072159186471881	 1.48
-0.000000000000001149276771683922604733918893922057273	 1.49
-0.000000000000000187489012868359976168390972340657072	 1.50
0.000000000000000223516451327307510120613372638981626	 1.51
0.000000000000000876999808548532405997555756712373796	 1.52
0.000000000000001275113066951885604668151859080286968	 1.53
0.000000000000001019681431150675089217154670480509265	 1.54
0.000000000000000712588569212886293222399684403891032	 1.55
0.000000000000000159296255234830953030029297248124463	 1.56
-0.000000000000001322975374446405123064052620681689986	 1.57
-0.000000000000000210791185979097525992738310841543494	 1.58
0.000000000000001309481155390653110276585545244709067	 1.59
0.000000000000001349289495618126726693685464252467994	 1.60
0.000000000000000944246424632761348940049416278855050	 1.61
-0.000000000000000807415574523657308778419643513618069	 1.62
-0.000000000000000585437119288386651377641027111928033	 1.63
0.000000000000001290639853085484705945397629089475273	 1.64
-0.000000000000000979544400670929290528026386993442941	 1.65
0.000000000000000623330691750854580345070215158537676	 1.66
-0.000000000000000309564455165689319022829882158418656	 1.67
0.000000000000000323602287654005473642155292598117099	 1.68
-0.000000000000001070033865580669122293887699137980128	 1.69
0.000000000000001469749401328712520456827850367845360	 1.70
-0.000000000000001405236148599756545568270370036822701	 1.71
-0.000000000000000479189957109654870897100975472317669	 1.72
-0.000000000000001490404646430187339916324569170681453	 1.73
0.000000000000000940314459702048690422665033027706180	 1.74
0.000000000000001347784204777570820853084389857473061	 1.75
-0.000000000000001035068354301118911622554422966380063	 1.76
-0.000000000000001488979978431313203087702037129459649	 1.77
-0.000000000000000354559494523308491921963106335622274	 1.78
0.000000000000001580436252895319877494641564442492775	 1.79
0.000000000000000868700622671986548823279148598756573	 1.80
0.000000000000001642042889364802520606509304477369610	 1.81
-0.000000000000001406847926499335021604674716007742255	 1.82
0.000000000000001647109785405670237112261556743765722	 1.83
-0.000000000000001679803198730721439583935709363047980	 1.84
0.000000000000000716215752546246680634126813216615191	 1.85
-0.000000000000000601426140558748303275212252983026212	 1.86
0.000000000000001631825917926140568548548481536487911	 1.87
-0.000000000000001650841778798571048567364877066015358	 1.88
0.000000000000001121693731786930886895541430759150856	 1.89
0.000000000000001638360258840074322284820510086088791	 1.90
-0.000000000000001317440836602731278125725400197487854	 1.91
-0.000000000000001591520449936405575985409826962511236	 1.92
-0.000000000000000788268271699884912397071115199366829	 1.93
0.000000000000000969396313322393023438256302065567576	 1.94
0.000000000000000792905063777323875246377896111485267	 1.95
0.000000000000000375635699997158484766112492730659684	 1.96
0.000000000000001100020140083997760734945080153982442	 1.97
-0.000000000000001223658755358833967836446854826633632	 1.98
-0.000000000000000244979070451998374687411280481055300	 1.99
-0.000000000000001594243685227836020336007798954519636	 2.00
0.000000000000000091971961304496506128736747976914719	 2.01
-0.000000000000001598359491027436400839658051780427015	 2.02
0.000000000000000884373399606462627247770242463147964	 2.03
0.000000000000001650658532180095951617196483735175419	 2.04
0.000000000000001961984262819400713375418851036469130	 2.05
0.000000000000000723682005950815223775314612707457054	 2.06
-0.000000000000001227861482394122567174531078603431292	 2.07
0.000000000000000359337175935665408434064987780282942	 2.08
0.000000000000000374540701026872063539023558456118164	 2.09
0.000000000000001762881524312827489527861653380207505	 2.10
-0.000000000000001965069613439954462393061043633121004	 2.11
-0.000000000000000113404424251285306752547539464211683	 2.12
-0.000000000000001749866760770742313765574484284694064	 2.13
-0.000000000000002105204764026025686161732463955084435	 2.14
-0.000000000000001423743129596740582655104450047572809	 2.15
0.000000000000001548739073611892313351170463448898563	 2.16
0.000000000000001487444987202581547952948118900476456	 2.17
-0.000000000000002103411782377835491741015131070573729	 2.18
0.000000000000001403699142684658402546920277040129591	 2.19
0.000000000000001261818756091643162950334862824048990	 2.20
0.000000000000000314722766665917011222533390829623733	 2.21
-0.000000000000001417255462593284879922276180933651367	 2.22
0.000000000000000954748551681688794585703629844772998	 2.23
-0.000000000000000875550720833681483686531450264035468	 2.24
0.000000000000000163874867504257999656334055944946046	 2.25
0.000000000000000432105613641812347120857668592079674	 2.26
0.000000000000001923584401347810258877324030765292892	 2.27
0.000000000000001814715994505136868698360628485609851	 2.28
0.000000000000001234782616797895100108565703779343785	 2.29
-0.000000000000001036231170795277365921781450742242713	 2.30
0.000000000000001884287450125596282611380588093142137	 2.31
-0.000000000000000131652457183470183733156640628391987	 2.32
0.000000000000000105846130751919144007621423238850184	 2.33
0.000000000000000814376295570654986057520221236239454	 2.34
0.000000000000002424862221734067057927214214977659962	 2.35
0.000000000000002416270647316755891811864538990777338	 2.36
0.000000000000001996008487671924091288480490084108274	 2.37
-0.000000000000002290429451226797160965399865461684317	 2.38
0.000000000000000831939795154830127063816523977675164	 2.39
-0.000000000000000317023374696146463727965268335301243	 2.40
-0.000000000000002383841821017200013889026957841783505	 2.41
0.000000000000001516513757348089822857283282131123860	 2.42
0.000000000000002526403690914305485820435146158803846	 2.43
-0.000000000000002564322564611971308051381629506960103	 2.44
0.000000000000001682026125349955211719665528233802148	 2.45
-0.000000000000001947947240058152985731535882884379088	 2.46
-0.000000000000000599730973991601576764813502994762203	 2.47
-0.000000000000001723482447299153948700723030856047001	 2.48
-0.000000000000000690918029134160621016097632190370037	 2.49
-0.000000000000002614908591519093650244799392647272573	 2.50
0.000000000000000324370023396595026813164054229040529	 2.51
0.000000000000001534605883970227338328207986634997762	 2.52
-0.000000000000002712797241261610580427252625971236733	 2.53
-0.000000000000001032269922299873603539059994819540319	 2.54
-0.000000000000000368664528088526061835407303183081166	 2.55
-0.000000000000000629740519206220506031662955067903143	 2.56
0.000000000000001700025485648458811033032320611277480	 2.57
-0.000000000000002786064860075632105924094796613177082	 2.58
0.000000000000002500947287046204449004040360433712499	 2.59
0.000000000000000444377858586824245810590464855358196	 2.60
-0.000000000000001090717392857843061980966975143019327	 2.61
-0.000000000000001971013249874739005873555688457681643	 2.62
-0.000000000000001655936909581402604321676771175206748	 2.63
0.000000000000001857395257661730915443930933661283973	 2.64
-0.000000000000001469739226688493103649111056625946029	 2.65
-0.000000000000002112183858017285711247024489126262985	 2.66
0.000000000000000890140183570310374684934901926617262	 2.67
-0.000000000000002346132544177452031033190478765340526	 2.68
0.000000000000002966144314448546120169516178257988736	 2.69
-0.000000000000002901354242938303470691585336313590887	 2.70
-0.000000000000002347267621397698242414600045100303755	 2.71
-0.000000000000001719454658763429483116013551254739201	 2.72
0.000000000000001073446198997292721246640765024353204	 2.73
-0.000000000000002067265929364462600504131640469476022	 2.74
-0.000000000000001682576485438465319825472968726073704	 2.75
-0.000000000000002831268972817351387565083183275824402	 2.76
0.000000000000000047006339824557043218605111907047288	 2.77
0.000000000000002124567604216805251581400998228870357	 2.78
0.000000000000002792642204925625358419260749170712688	 2.79
-0.000000000000002302628909007651542332072437137869539	 2.80
-0.000000000000003175860945352131066088344123631786817	 2.81
0.000000000000001664366439617043445264020984661222872	 2.82
-0.000000000000003192817024925788526675018151409059275	 2.83
-0.000000000000001638157765036180106512485110769075015	 2.84
0.000000000000000467242090179030891796502248274312957	 2.85
0.000000000000003258346160405814982410373921291485418	 2.86
0.000000000000001444170165272805580276136524232094974	 2.87
0.000000000000000231260171084236661555967770565090451	 2.88
0.000000000000003227060200683543621408110328751331211	 2.89
0.000000000000000232018867301203332590150126326236716	 2.90
0.000000000000003215117575407805305360282288405993259	 2.91
-0.000000000000003344304215458177474521038045395020556	 2.92
-0.000000000000000777598856097708590575588357375396978	 2.93
0.000000000000001608203541530743698801199548647491885	 2.94
0.000000000000002747107526059433722100053782564099353	 2.95
-0.000000000000000607140620490016854455972674581027501	 2.96
0.000000000000003033602489844723553449057713413492169	 2.97
-0.000000000000003358358669257603641653364492035506009	 2.98
0.000000000000003433391272800016554013265310313201167	 2.99
-0.000000000000003181078393363374641378770140386956064	 3.00
-0.000000000000002744379738870780998106136677830616344	 3.01
0.000000000000002178434416887380652708225335596459520	 3.02
-0.000000000000003554656872983239852805570101518709048	 3.03
0.000000000000002567274791213832826587778409284721305	 3.04
0.000000000000000403151027158437985481842204024996699	 3.05
0.000000000000002686801734831380861665769791801158014	 3.06
-0.000000000000002261929766141052686951790736792855492	 3.07
-0.000000000000003631283302573271676902713090305591261	 3.08
0.000000000000002609485940263173926348217719865714106	 3.09
-0.000000000000002997465160015219351864391326330723571	 3.10
0.000000000000003683980461496408666668186156806370204	 3.11
0.000000000000003173782018656629933674940731876148385	 3.12
0.000000000000001080363547433107375305535120784800541	 3.13
-0.000000000000003194874906887444467855924311994279365	 3.14
0.000000000000000434654109598121736153746336699806836	 3.15
-0.000000000000002162092480462073245737917494412301665	 3.16
0.000000000000002310680425104283301351572496277248876	 3.17
-0.000000000000002036379205428102106940833877149496278	 3.18
-0.000000000000002579531689343599116664584572399980564	 3.19
0.000000000000003851730299398710416767455381990513531	 3.20
0.000000000000002319692407969912995010281600152013313	 3.21
0.000000000000003838777998970146028263885662398980875	 3.22
0.000000000000003748838387192751582007796305654984406	 3.23
0.000000000000002709802446317147177229068706069886797	 3.24
-0.000000000000001021563330332865745913859181327840476	 3.25
-0.000000000000000471950253429717996523267580513130425	 3.26
-0.000000000000002133410157011122052652650501814975950	 3.27
-0.000000000000003973571832004604485634630412554708344	 3.28
-0.000000000000001327414357818322939757211902273518296	 3.29
-0.000000000000002311722527484808472559943675620321949	 3.30
0.000000000000004061440709697885850889279745013056576	 3.31
-0.000000000000000023082290339356058712610266894775654	 3.32
0.000000000000000193006532075025999632361287806205269	 3.33
-0.000000000000002224891542973141285739275037032003685	 3.34
-0.000000000000000621001869035330685838615475620646489	 3.35
-0.000000000000000810676542019872946857270789205052093	 3.36
-0.000000000000004072376586123460935592074894136622503	 3.37
-0.000000000000002414068397684340317769263637053187347	 3.38
-0.000000000000001511688492022790617711366759463201349	 3.39
0.000000000000002502013112989506765259687187119748858	 3.40
0.000000000000004092094480519233553664655475170108728	 3.41
-0.000000000000004223240926363954902872741242205270997	 3.42
-0.000000000000004284371024249010386099948253858823876	 3.43
0.000000000000000008746824942619723450096947187447990	 3.44
-0.000000000000002711329465656467088638500552251430010	 3.45
0.000000000000003274985761737456251500559945335541448	 3.46
-0.000000000000001578369850293615088989858238702058035	 3.47
-0.000000000000004359978879769154552312774003574984810	 3.48
0.000000000000001413918283054107753740119551429811354	 3.49
0.000000000000003151581111589013194277449101795274794	 3.50
0.000000000000002563449626089838892570688209561338767	 3.51
0.000000000000000597420117583648869114086928880765194	 3.52
0.000000000000004028348326629590576767038699450188232	 3.53
-0.000000000000000102179260165874325785801368245547857	 3.54
0.000000000000003708238541368053576511194363731305340	 3.55
0.000000000000004437738349417561615569355113169442314	 3.56
0.000000000000004028699973449351277276144123497580359	 3.57
-0.000000000000003094150618209861499900137378236447712	 3.58
-0.000000000000002391913767633158105538986770067531065	 3.59
-0.000000000000002380627021839690621073857748321580396	 3.60
-0.000000000000003549738833802523526981050493054892202	 3.61
-0.000000000000004385698936431409851100556835265352603	 3.62
0.000000000000000355896679033210364866774896853277614	 3.63
0.000000000000000850129059969241566602236523029344158	 3.64
-0.000000000000002548139895590861596010309041767673406	 3.65
-0.000000000000000792626051491622124154220433963052204	 3.66
0.000000000000002040248019693002090292571310972619762	 3.67
-0.000000000000003964207614017596227891258191168791790	 3.68
0.000000000000003663125671949723386147338916978668794	 3.69
-0.000000000000002644116332730241607500772851352475483	 3.70
-0.000000000000004159792775126892208769892340283219050	 3.71
-0.000000000000004056670229989344525486785204200920373	 3.72
-0.000000000000001761334746974658375787954931865171214	 3.73
-0.000000000000004619070860293432766161565224186023310	 3.74
0.000000000000001853626774956958463596600836523541118	 3.75
0.000000000000004697710076241022124625255205237927253	 3.76
-0.000000000000004819052889373792307815151193444395053	 3.77
0.000000000000004824793936755574578254727853975623978	 3.78
-0.000000000000004085292739340729285468281418984518474	 3.79
0.000000000000003485538872492142195363315947719276465	 3.80
-0.000000000000004474870925267130301481563101125706777	 3.81
-0.000000000000001145539749428930691625241048876469414	 3.82
0.000000000000004638102239700166356370369219692366957	 3.83
-0.000000000000005055408463661942929713492748135375613	 3.84
-0.000000000000002730944721857504442162439048077708610	 3.85
0.000000000000004905098280782682826872373545597553506	 3.86
-0.000000000000004473716239790532517498532483488482218	 3.87
0.000000000000001215899807854811818472171962625054510	 3.88
-0.000000000000005155743225638031338715849681667523945	 3.89
-0.000000000000003648136267733609752590139302396790584	 3.90
0.000000000000005199766762570400190601501333247844008	 3.91
0.000000000000003263596502386661059075393828794653882	 3.92
0.000000000000001247972894656979528245661166255704258	 3.93
0.000000000000004053530877664546582348649126618486059	 3.94
-0.000000000000004788427044510055185175507119148745953	 3.95
-0.000000000000005163433640896817017615245327918708021	 3.96
0.000000000000001580813369230890523668309672624607937	 3.97
-0.000000000000003182547160122581621789309084216301576	 3.98
-0.000000000000002190728043075087054656014080213046170	 3.99
0.000000000000001173928202536910461711531824188442853	 4.00
0.000000000000003785548920562182067774513198248783080	 4.01
0.000000000000002632108362148375493872214100268949400	 4.02
-0.000000000000002940566956288371309495946911520392382	 4.03
-0.000000000000003830257882578808021611798189690408123	 4.04
-0.000000000000004103761992560980018116103395278756726	 4.05
-0.000000000000005452372995060679318576044579567997948	 4.06
0.000000000000004854211482289900086552675944041565542	 4.07
-0.000000000000001064260211071126798654520184153949242	 4.08
-0.000000000000003186948389326235223257253269208940064	 4.09
-0.000000000000005599910152112542570916656531445484920	 4.10
0.000000000000003313099021877610355043858449214825792	 4.11
-0.000000000000005502194208903556318107935242238515491	 4.12
0.000000000000002841143782125576207702185453799661477	 4.13
0.000000000000002374166963864287047853729395723938177	 4.14
-0.000000000000005575044950369757903053012185145696591	 4.15
-0.000000000000004242573834476447147937978569322775699	 4.16
-0.000000000000003760114411655964457610504765991713082	 4.17
-0.000000000000005051964744056948428913643292845456295	 4.18
0.000000000000005437488057740551974602783023929138584	 4.19
0.000000000000004423548506406854674222635301193890348	 4.20
-0.000000000000005787840000120961360183724427659809090	 4.21
0.000000000000001905541784727242537450573347927268324	 4.22
0.000000000000003445747801336877875963852646239654613	 4.23
0.000000000000005843365514522674612305642257471091861	 4.24
0.000000000000005234139818915717313413335932340308985	 4.25
-0.000000000000005172562160129707061227362390052571798	 4.26
-0.000000000000004528290344213656353680436127696035826	 4.27
0.000000000000003695129117685001602979331292420526901	 4.28
-0.000000000000000154539502240704954027557344590369274	 4.29
0.000000000000004374835888797080065637601399873922666	 4.30
0.000000000000005614871288280995793631624868613712237	 4.31
0.000000000000004525213930744702943335957636044565451	 4.32
0.000000000000003488577658318302779146906398568237306	 4.33
-0.000000000000003234614529425399129599828909909506657	 4.34
-0.000000000000005706342080309507179877096164723754999	 4.35
0.000000000000000366134608660055562548770041691487555	 4.36
0.000000000000004607007408968000690695334997648114511	 4.37
0.000000000000000355978959492088955844537432588090068	 4.38
0.000000000000005084779263932103902960270647553136005	 4.39
0.000000000000004416335422978851120020648601909974361	 4.40
0.000000000000006243799825517815636861489305736028705	 4.41
0.000000000000005044670026825856414243149560988369602	 4.42
0.000000000000005775370171630645480944690683819938601	 4.43
0.000000000000006265367231879072187960296996012916018	 4.44
0.000000000000003149148244994476617468975540889254573	 4.45
0.000000000000003310501811005314203314781747140168300	 4.46
-0.000000000000000908093886043231096869703657046218890	 4.47
0.000000000000003398516337928398527336976028445739768	 4.48
-0.000000000000002178808805539574761638543028136898998	 4.49
-0.000000000000001703296801823974279938388118522247293	 4.50
-0.000000000000006457206878494456231694139629717824080	 4.51
0.000000000000005877394842089525057480426586340522552	 4.52
0.000000000000006301464805937277558018271069086109128	 4.53
0.000000000000005282304104080500491067592550246773825	 4.54
-0.000000000000005546576801604829513916714467780306539	 4.55
0.000000000000002212161942515077580404252940595594976	 4.56
0.000000000000002599690659793865641398881188147105482	 4.57
-0.000000000000006286493611559461515279475192176678533	 4.58
-0.000000000000001589041034159907600580145644993207190	 4.59
0.000000000000002570488259671624028688065176062745192	 4.60
-0.000000000000005981532115239798336628020118139412671	 4.61
0.000000000000005722627448568733499928570419251091995	 4.62
0.000000000000006454322942347170220091928258960068296	 4.63
0.000000000000006673001460280659253057205693737307683	 4.64
-0.000000000000004348011752617113800916091989646553311	 4.65
-0.000000000000006704590711608005608650640354639654441	 4.66
-0.000000000000005543774842719778293493163695865019049	 4.67
0.000000000000006748787573883404663070567622937418253	 4.68
0.000000000000006692943935619894323658650300488024083	 4.69
0.000000000000006154560364122556619009194766850732120	 4.70
0.000000000000006893015972131548780218461459823988507	 4.71
-0.000000000000004936448277128619955839174757697081839	 4.72
0.000000000000006758890457116638824760143511987101259	 4.73
-0.000000000000006956858712461151597891300736350907148	 4.74
-0.000000000000006971982249550342707950824015105925197	 4.75
-0.000000000000004429530739414674556563251434399065699	 4.76
0.000000000000001783310531966349485107767587889541709	 4.77
0.000000000000006847286237742828315691517583039089498	 4.78
-0.000000000000004526410563670412829943161532504679437	 4.79
-0.000000000000005105852511349430463886721210853858276	 4.80
-0.000000000000006059097329918404048230995354509066256	 4.81
-0.000000000000000143446513485745259246009582131947273	 4.82
0.000000000000001887111783406488039461158321953457061	 4.83
0.000000000000003958281182532554991694819029867147676	 4.84
0.000000000000002408925913372081613451838148898089110	 4.85
-0.000000000000003366721808896440073116099575854868599	 4.86
0.000000000000005609983425821713680661126657580035908	 4.87
-0.000000000000001480449194299283033068258839169561064	 4.88
0.000000000000002814434731365309372873693095919854198	 4.89
-0.000000000000004631744999582438260874054946863414759	 4.90
-0.000000000000001789448753969683508904171093083844919	 4.91
-0.000000000000005859702635054259095252991449544506811	 4.92
0.000000000000005478115465416931910100511847513460077	 4.93
-0.000000000000000273836249733737320137873463667904822	 4.94
-0.000000000000003186399614879083339657490178793430014	 4.95
0.000000000000006953652750018270803206676749510187536	 4.96
-0.000000000000003962265361200889699450307835430843385	 4.97
-0.000000000000001826645929651155210062873649177911469	 4.98
0.000000000000005800585383784795959965838813918199020	 4.99
0.000000000000000449740677324649200959218095518451575	 5.00
-0.000000000000005050790139093722820364846043601253826	 5.01
0.000000000000006721129508872184997039618378881709365	 5.02
0.000000000000002633367660811312734638598966064688827	 5.03
-0.000000000000007188350915977759938502074292853421702	 5.04
0.000000000000005221042924627796096277318996991897659	 5.05
-0.000000000000005802456958114415534721606949812265442	 5.06
0.000000000000002849382248796616508304274022482417060	 5.07
-0.000000000000004827627387219697991517343402355590496	 5.08
-0.000000000000007400250931143707232150287386288590815	 5.09
-0.000000000000000502088700688353396703823395483735678	 5.10
0.000000000000004070865944551534706725726992073787119	 5.11
-0.000000000000007626974551070018949211007322779057063	 5.12
0.000000000000003655736893550285352095917737643438157	 5.13
0.000000000000004015853766555471277622369696244498642	 5.14
0.000000000000003664430097473531201757889898980520006	 5.15
0.000000000000000129203072423847828304715835588695473	 5.16
0.000000000000007905947609751927154660776705819118297	 5.17
0.000000000000005063121077655637055464108960371004674	 5.18
-0.000000000000003397608739865974339285936286038485986	 5.19
-0.000000000000007971715282721242108923711888932074388	 5.20
-0.000000000000007636985688952923879002137177849471101	 5.21
0.000000000000005545998016565181440357008130295634176	 5.22
-0.000000000000000528803680061835219097622974408963647	 5.23
0.000000000000008043140519720043403939864919237423540	 5.24
-0.000000000000000239840790478626438889838331744379499	 5.25
0.000000000000004904845469783550020800277546812799415	 5.26
-0.000000000000007037494035538400682516501198725313175	 5.27
-0.000000000000004678390869424145463981704678697587445	 5.28
0.000000000000007434806119437266585222147300923333022	 5.29
0.000000000000000281928341055443265246715273983762755	 5.30
0.000000000000001518889641123841400987593392749537152	 5.31
0.000000000000002351644772408551316159472893772243265	 5.32
-0.000000000000000536295085102191068028921708362348379	 5.33
-0.000000000000003206342644370761815031605980424689843	 5.34
0.000000000000005085398842162705926918015245086253637	 5.35
-0.000000000000006855443150904254936395288023520141603	 5.36
-0.000000000000007117266638268019985046066296670008203	 5.37
0.000000000000007593105075389494686581835843635469210	 5.38
0.000000000000007448114595082552924035573372671689046	 5.39
-0.000000000000002530258576822155173815229129867030360	 5.40
0.000000000000006792522113700745886395634070328359549	 5.41
-0.000000000000008476399928701901231637225083715608753	 5.42
0.000000000000005022137593207349519550728812789501226	 5.43
-0.000000000000007969530968197907780676118388233991774	 5.44
0.000000000000001276075268790837834288977112843743824	 5.45
-0.000000000000007833004927026865268382258623874092690	 5.46
-0.000000000000007910049350326711611989572353380538354	 5.47
0.000000000000003088860105856601422137381191625525799	 5.48
0.000000000000002794105426028302271066545972810497453	 5.49
-0.000000000000004601641459158322588159450252920297088	 5.50
0.000000000000000561831842141848633153469617376078104	 5.51
-0.000000000000006961693344817128548283576639864174828	 5.52
0.000000000000003970025952710179250407467836121262737	 5.53
0.000000000000003438743350143079381097659626457920017	 5.54
-0.000000000000007791011122537499050960184765326380047	 5.55
0.000000000000008793520393333559029262817107210143480	 5.56
-0.000000000000005291855536286427804433124719464718930	 5.57
-0.000000000000000439995159599505163775537620896565062	 5.58
-0.000000000000003029193239119453373049251424365356888	 5.59
0.000000000000008804272442007016894045426203029970205	 5.60
-0.000000000000006779807435640116927094073064805770718	 5.61
-0.000000000000008686035519031338218995338221539621085	 5.62
-0.000000000000006770374300161417133053460431389061608	 5.63
0.000000000000008286372369568906600536827814723187227	 5.64
-0.000000000000004276074739816282989474038708751258325	 5.65
0.000000000000004181708482364096365225840003168045103	 5.66
0.000000000000003359035665738797662701657858116924082	 5.67
0.000000000000001854912412049425488671052968041663822	 5.68
-0.000000000000006100498009614260420366549100703634805	 5.69
-0.000000000000002996358589717250457183806210340210927	 5.70
-0.000000000000008830790141221360248104692076051891112	 5.71
0.000000000000002906334814993567190064033829870205275	 5.72
-0.000000000000008611812000200966497702132521384877191	 5.73
-0.000000000000007874222811142496868270531409815090236	 5.74
-0.000000000000008192857655975470686188320027368631843	 5.75
0.000000000000005912918588007848637124644051333660674	 5.76
0.000000000000009347065529708357199061158115886643958	 5.77
-0.000000000000004431569421896252455644739395225534689	 5.78
-0.000000000000003987736157872857365714113177128939931	 5.79
0.000000000000008605911995551857787880904059257637546	 5.80
-0.000000000000009078285120912576714938403945147452879	 5.81
-0.000000000000007105729679357639690371183605656355910	 5.82
0.000000000000009364699272866059693228692114979714072	 5.83
-0.000000000000008191864346670355145982057849046661522	 5.84
-0.000000000000003193556577950337808831972158041880066	 5.85
0.000000000000007496422017722605968496730416565042830	 5.86
0.000000000000006858911908605441941320715432151536865	 5.87
-0.000000000000009251181830347493471562760491324667854	 5.88
-0.000000000000009158963754765842562548224409608227466	 5.89
0.000000000000003530689453295868245716573435823633755	 5.90
-0.000000000000009650859771962529777776606780295217758	 5.91
0.000000000000001254357042332103454189481882442992495	 5.92
-0.000000000000003856699682641002765019255894613171370	 5.93
-0.000000000000007477548243551880652059352936393598220	 5.94
0.000000000000001144723063838905641870539239900763193	 5.95
0.000000000000005957516452291833085304951017114069013	 5.96
-0.000000000000000845444425582525046531415104768243486	 5.97
-0.000000000000005907574346787961795257546591632485692	 5.98
0.000000000000007367307532182391434428271728776969509	 5.99
-0.000000000000005423567981618738101475653300428102639	 6.00
0.000000000000004001107296662188836859854381885022081	 6.01
0.000000000000009956110554910339526378801521086449792	 6.02
-0.000000000000009690545252515015302199028206437873641	 6.03
-0.000000000000003183034826032529678691772751895244810	 6.04
0.000000000000008652002229154513640818632023026132169	 6.05
0.000000000000007952890639043942020997164066700380061	 6.06
-0.000000000000003310292394824088710209429861869760503	 6.07
-0.000000000000007404954619472682487656695026865465028	 6.08
0.000000000000008275917216254771122971827974105699611	 6.09
-0.000000000000004568481783980880170524474786209426536	 6.10
0.000000000000004806734737602878748831485786161458367	 6.11
-0.000000000000001827187419252994956876589847052785127	 6.12
0.000000000000000358447632063648610244970495816320824	 6.13
0.000000000000003462970926987346290794320187213990609	 6.14
-0.000000000000010287097405534140019337075123849292714	 6.15
-0.000000000000009494347616023240730524140383920415685	 6.16
0.000000000000004829905824494911677074176019561400159	 6.17
0.000000000000002421481715754930954379733749592123188	 6.18
-0.000000000000000649505279328359722174185397888526020	 6.19
-0.000000000000010253485943268609694116774679954916572	 6.20
0.000000000000002627238643715533993953691503434472238	 6.21
0.000000000000005507898543915872884703022485441390515	 6.22
0.000000000000009273585819347693330261478942780691251	 6.23
0.000000000000010495285828714965461914783711246197298	 6.24
0.000000000000001226348547896776883856772163653131374	 6.25
-0.000000000000009673732574261983392219453480111676643	 6.26
-0.000000000000008690523870338617706156416090492202124	 6.27
0.000000000000010549198005079567550420024948009707466	 6.28
-0.000000000000000054338367466339801442407977528595305	 6.29
0.000000000000005252036617698671720822648395305419327	 6.30
0.000000000000009621661793874630665090441577630976275	 6.31
0.000000000000002150690428977936199919502857515572689	 6.32
0.000000000000009632994161493957016153345289073529281	 6.33
0.000000000000000994789137884811572246428230624208213	 6.34
0.000000000000003008361894962510068016548419226258180	 6.35
-0.000000000000007348829478970813445213659026351344179	 6.36
-0.000000000000005558802724485346972700889421610812170	 6.37
-0.000000000000010776044292504428160740625082073826828	 6.38
-0.000000000000003341276818966788949078240812751656216	 6.39
-0.000000000000003722520926717079041209311207343358991	 6.40
-0.000000000000006979203661974895547167232266018418252	 6.41
0.000000000000010891913036229356264720921209137111635	 6.42
-0.000000000000010845169636115801487270287363742191308	 6.43
0.000000000000002519457960976568478309570126131587546	 6.44
-0.000000000000011049218086754109980347551134601219104	 6.45
0.000000000000008513899847651685514421389627255648459	 6.46
0.000000000000011009478766159998070768586531238694074	 6.47
-0.000000000000010565332752699589641844414288105982121	 6.48
0.000000000000010219888667966127989800305589437584302	 6.49
-0.000000000000004660823102401150705767802214631321137	 6.50
0.000000000000000981819390046685536402370463797378708	 6.51
0.000000000000000226750101746773192068080430312964527	 6.52
-0.000000000000006174836645313505731074625748914066679	 6.53
0.000000000000003638438297536925715154052468163945628	 6.54
-0.000000000000009241972969006079467508659973078096125	 6.55
0.000000000000009375650701581272356701413387293799155	 6.56
-0.000000000000010391106458313506885990967044036686849	 6.57
0.000000000000008721636307813820437110774397852076418	 6.58
0.000000000000006534280835273575380908693597415179299	 6.59
-0.000000000000008707084785825838169090062152572122105	 6.60
-0.000000000000009524563220902414779416291929189071799	 6.61
-0.000000000000007741795419489829977518977057568676501	 6.62
-0.000000000000010849525462486889760611776703735851047	 6.63
0.000000000000010781634801531606534237758411512642243	 6.64
-0.000000000000010297511626852467931224991094731120571	 6.65
0.000000000000004682826714619962520910346251434017477	 6.66
0.000000000000006771703535326757353342683684385478401	 6.67
0.000000000000005249136335457583308668743467070123690	 6.68
-0.000000000000007889528132579745330621799276632814114	 6.69
0.000000000000010219662487498561943630124975953547110	 6.70
0.000000000000000625941727603091848919042770219315632	 6.71
-0.000000000000005720273512472019813544100164053419592	 6.72
-0.000000000000011344043968315739080278913519109245142	 6.73
0.000000000000002261762179680286406525338557394973644	 6.74
-0.000000000000000820652326058505995884662417823811081	 6.75
-0.000000000000007054540774578707556470065593661005135	 6.76
-0.000000000000011038490228797876939950372852557204907	 6.77
0.000000000000001462440470988607457434811589687167343	 6.78
0.000000000000007062157020817222135076609305844202950	 6.79
0.000000000000011783026158128309955527475533034135296	 6.80
-0.000000000000011987333649751450451390892424817017134	 6.81
0.000000000000008625761048761215210553801574926146021	 6.82
-0.000000000000008717596190880859630299801674868030587	 6.83
-0.000000000000005525090938049998005754890557518011764	 6.84
-0.000000000000006441582740428860623314048730748689558	 6.85
-0.000000000000008325698923991321202810707374841229366	 6.86
-0.000000000000001907116750240355177923874393184163592	 6.87
-0.000000000000001416614181164386301147263944332220643	 6.88
-0.000000000000005166564729050486801406342439197885260	 6.89
-0.000000000000012022754889216310746267622283321413847	 6.90
0.000000000000006515655964331183008079883789613635680	 6.91
-0.000000000000009228312634004729482017076230335248333	 6.92
0.000000000000011421043777064069558514799593224261905	 6.93
-0.000000000000012284880603054908862510158404059363094	 6.94
-0.000000000000009206473424985294907224674408797349144	 6.95
0.000000000000007157308618544805435868782321416996576	 6.96
-0.000000000000008647427878773063106459869972556396732	 6.97
-0.000000000000005851728318419245451519421937700655207	 6.98
-0.000000000000000157247060624805745933843899743245820	 6.99
-0.000000000000008543012260317277824700899474075799662	 7.00
-0.000000000000009029501082706317002555833350975636780	 7.01
-0.000000000000005005100377983827670102335787315623020	 7.02
-0.000000000000001699115293769147179379848433196638219	 7.03
0.000000000000004516135553513958093455347154688117635	 7.04
-0.000000000000011493136193242938081910004544689920732	 7.05
-0.000000000000010534939084253857615021454281640833587	 7.06
-0.000000000000012443145086129949722940941389791243235	 7.07
-0.000000000000002978746092598896779661138899411243086	 7.08
-0.000000000000012346195194548803321661862839255662552	 7.09
-0.000000000000012683276857701981377005375364411213014	 7.10
0.000000000000011185522018180590932834684874001546306	 7.11
0.000000000000011959103470988725893695863185064761452	 7.12
-0.000000000000000708622537891282209222318651760159818	 7.13
0.000000000000002119913476446962527407563499933924957	 7.14
0.000000000000003937995535468713252566035400371683378	 7.15
-0.000000000000012256264215162167046336015441121219553	 7.16
0.000000000000002222943661411817182585714792469978278	 7.17
0.000000000000001798677278438370132319025289497926022	 7.18
-0.000000000000007781792271009423422681177654399044908	 7.19
-0.000000000000008932867519664018612335087744712647915	 7.20
-0.000000000000009909985997270433845889600366431404457	 7.21
0.000000000000004077126965873794208556012574371481564	 7.22
-0.000000000000011193418718694443678037443961799906284	 7.23
-0.000000000000012158654395425958528577727753929039136	 7.24
0.000000000000000187948720695644945234563781869067321	 7.25
0.000000000000010545370412147251318521515646493287931	 7.26
-0.000000000000013122664771449328445212149319412915479	 7.27
0.000000000000006137398429671178501118005885090462955	 7.28
-0.000000000000003098907376059837958715236056112865790	 7.29
0.000000000000010698042781762731859025007239960267919	 7.30
-0.000000000000010941820502983668256315802922822349658	 7.31
-0.000000000000001204934029241548797171073984517878261	 7.32
-0.000000000000004748303535881315029457744805519847302	 7.33
-0.000000000000009122398910123127269082206917074717470	 7.34
0.000000000000013043618435659396028430935083938681438	 7.35
-0.000000000000013468481750285888296872168149754195177	 7.36
0.000000000000013491203256939007290493482486779325204	 7.37
0.000000000000006936282185219991587788462114010583692	 7.38
-0.000000000000010410107651261064650808697981473020337	 7.39
0.000000000000011501810094875934083033389841935067945	 7.40
-0.000000000000012285344707661178190733155567575421242	 7.41
0.000000000000013320938371190358138250994491340986988	 7.42
-0.000000000000005542132214997203079109961600438382866	 7.43
0.000000000000007320034926522777498614162819918102881	 7.44
0.000000000000001104160330530555027234325798065508603	 7.45
-0.000000000000007972211901799133648536505011329811472	 7.46
-0.000000000000008507927792887988797427309426456654331	 7.47
0.000000000000005714059329944982204883588398515685554	 7.48
0.000000000000005043041924995080316086775648212539610	 7.49
-0.000000000000002674939473604835721214711705194989303	 7.50
-0.000000000000004342580547382824132075188741408414426	 7.51
0.000000000000001980834900347015759886848045242476578	 7.52
0.000000000000011921850808642683658423301479870149331	 7.53
-0.000000000000013017106662129608535099033957676349630	 7.54
0.000000000000013929464964564608377078134390681425955	 7.55
0.000000000000001185962500660779467367945727659947481	 7.56
-0.000000000000008496085201444135757447208093784077026	 7.57
-0.000000000000001870457361105423005321660750102291307	 7.58
0.000000000000011804952653768860852614604270858633184	 7.59
-0.000000000000013429472109575759770093475394732425335	 7.60
0.000000000000013824646973795535690408252658759552669	 7.61
-0.000000000000011647111879568775991239917618673026491	 7.62
0.000000000000013291896649895376835571524015070624234	 7.63
0.000000000000013089790338027659187345960317173953006	 7.64
-0.000000000000014270859881006632419465224218337856561	 7.65
-0.000000000000011180438022095094122738751908646101229	 7.66
-0.000000000000004358790041182433832833071517967231684	 7.67
-0.000000000000007255930325843112735032072488804849029	 7.68
0.000000000000008811830527973376254079995012118664649	 7.69
0.000000000000012976961036295687431095128149626090584	 7.70
-0.000000000000012802451024006566371759005420431610914	 7.71
-0.000000000000005633340393277438667733117876277605399	 7.72
0.000000000000002133367130094909351776979771660031677	 7.73
-0.000000000000001459536694162465638267219465948111059	 7.74
-0.000000000000008751960343536767409625114835796699745	 7.75
-0.000000000000014027338535140816342873320157870223568	 7.76
-0.000000000000003250127510748195002182754175599560299	 7.77
0.000000000000003190131489803109152779520045639858554	 7.78
-0.000000000000008093462118010549582645416947277874942	 7.79
-0.000000000000007921563340799941513703385289706877474	 7.80
-0.000000000000011675061719960436772732454189185816835	 7.81
-0.000000000000009240854524242613305759494235988420826	 7.82
0.000000000000007920867729731153914737159009181196240	 7.83
0.000000000000014624349583127812543428116803079934295	 7.84
0.000000000000013809028346819262125663357794967076425	 7.85
-0.000000000000007383872527576454578496059274780546760	 7.86
-0.000000000000007971437188874080650705096739982357094	 7.87
0.000000000000009083397177604194482768794164804448739	 7.88
-0.000000000000006831510447143756693942246477220052422	 7.89
0.000000000000007028700167019591966099602420199396855	 7.90
0.000000000000014706182395255046456515373850203708128	 7.91
-0.000000000000004889545037120790273429245076269760568	 7.92
-0.000000000000013840281642911264984288694251509745788	 7.93
0.000000000000013764027244855622124678743953262706170	 7.94
-0.000000000000008839982099650231835298510357945602301	 7.95
-0.000000000000003938992599916435235719628962243679723	 7.96
-0.000000000000013223175278322864849622104643641665993	 7.97
-0.000000000000014083111262564474741962359107454120448	 7.98
0.000000000000011544367245913774641693030635408789212	 7.99
-0.000000000000000430456514101778946356506917370851515	 8.00
-0.000000000000002335027982055868913072209649966012261	 8.01
-0.000000000000014258210976502715371585089062327960843	 8.02
-0.000000000000010038959791417663680477316202388318046	 8.03
-0.000000000000015347745277527767731097184456996392843	 8.04
0.000000000000014504360105348015118727323961870710131	 8.05
0.000000000000003383401907627349924024337639274380607	 8.06
0.000000000000005204597677711780980488400216091099807	 8.07
-0.000000000000012027735735225352373744790823768320471	 8.08
-0.000000000000009980025702934466884563894754831677501	 8.09
-0.000000000000000239113476447801467833898578227412892	 8.10
-0.000000000000012793388031759114622275673951855482699	 8.11
0.000000000000013428366906991563651481867188088900963	 8.12
0.000000000000006601716297020336866231134025802435272	 8.13
-0.000000000000012375423737225049589520198145942257304	 8.14
-0.000000000000003778120989889804578403006348190433785	 8.15
-0.000000000000015464625420984203214827550630493612871	 8.16
-0.000000000000012745465903384038113557492372235879729	 8.17
-0.000000000000011603454858179836338517571624774568953	 8.18
-0.000000000000014304574918449547081583448788896473142	 8.19
0.000000000000015521806410285310015893095825268382786	 8.20
-0.000000000000014188848789746622241798257965971523124	 8.21
0.000000000000008713188725367985588522138809872892087	 8.22
0.000000000000008317300398859347763413704224584344646	 8.23
-0.000000000000011642332391843531211347882270420377379	 8.24
-0.000000000000015579230153662949101471741200661125740	 8.25
-0.000000000000003232044544427135843279457299359719132	 8.26
0.000000000000014898303276739834430586232012865128959	 8.27
-0.000000000000000379665787439718783364957540249068297	 8.28
0.000000000000016096076337378209840373147416903986099	 8.29
0.000000000000012543524215787466180011608218964343430	 8.30
-0.000000000000011890792008100034549480391096576749589	 8.31
0.000000000000005753989804879722654345108061928186593	 8.32
0.000000000000015553204521788121616979062696456783796	 8.33
0.000000000000011227124751329838077996545933784987401	 8.34
0.000000000000002902583759181830187157155125587026794	 8.35
0.000000000000003583428765638074243417194279324579655	 8.36
-0.000000000000014211996859306635805424160916258502384	 8.37
0.000000000000001340622466234066024895475858384096955	 8.38
-0.000000000000016363717417543968793556175666956502912	 8.39
-0.000000000000012740719576123716737485829277288657298	 8.40
0.000000000000006246731969489127446705878082222084687	 8.41
-0.000000000000002702658686122706702948232268618026850	 8.42
0.000000000000011134761548867716416411128667177369164	 8.43
-0.000000000000016163623989681394676748672911852764057	 8.44
-0.000000000000006976888340809586608224459792719496909	 8.45
-0.000000000000006233732064389558969840398314663129779	 8.46
-0.000000000000016382377832351674595688685277054458581	 8.47
-0.000000000000000668565200751519101060621568363354550	 8.48
0.000000000000004969288171398880207824606303130033706	 8.49
-0.000000000000002857811015355959285922022770870366705	 8.50
0.000000000000014539397147951148440114520394364638567	 8.51
0.000000000000016702946388452499878540637006285689558	 8.52
0.000000000000004331574253567636382272630501982889392	 8.53
-0.000000000000006184521761646173874564613608780675273	 8.54
0.000000000000014855243643783030303532924991595753009	 8.55
-0.000000000000013475918715809871534689836275249343271	 8.56
0.000000000000011648070574506803234415660306224014935	 8.57
0.000000000000005391723514739765175984015130614157005	 8.58
0.000000000000016888179728534488011276780990925696168	 8.59
-0.000000000000003843043670023364831969372064427384333	 8.60
-0.000000000000011275870267178415627750579959523541888	 8.61
0.000000000000014778118604619552766054293477220223937	 8.62
-0.000000000000007291101987374098317919927028894230770	 8.63
-0.000000000000015785473595844525935520712429097540279	 8.64
0.000000000000017128060621287131466355466974857014939	 8.65
-0.000000000000001633936651949215829537021807429067777	 8.66
0.000000000000013284903514436192766333861013032885796	 8.67
-0.000000000000017230753092078687561428530070597614588	 8.68
-0.000000000000014221579334716327559108014475914975521	 8.69
0.000000000000012295603947992692678810018079537321504	 8.70
0.000000000000017220690639827009178958620547234558516	 8.71
0.000000000000008864103490351141683356850095364868578	 8.72
-0.000000000000014516572906280597550946863267686980599	 8.73
-0.000000000000016608504089457968190846484265768403503	 8.74
-0.000000000000010545117206312943181102592498113180094	 8.75
-0.000000000000016898833829425980052482811484956209739	 8.76
0.000000000000004884892525778266426463181115678537905	 8.77
0.000000000000000491629324799086876496470001549089800	 8.78
0.000000000000017437657679030497697402169640724466805	 8.79
0.000000000000010154862304348721843382599954472667464	 8.80
-0.000000000000008473703008688703207229313839103094158	 8.81
0.000000000000016654102840362377516548763273565025906	 8.82
-0.000000000000000682095597105553162763511647794465847	 8.83
0.000000000000011365812630385457464259833962612029316	 8.84
-0.000000000000014326645412379785322609457931623940333	 8.85
-0.000000000000016872531707394015501343442735145528074	 8.86
0.000000000000017381146514525743397796901289966084983	 8.87
-0.000000000000013771891386169511907663618048420475440	 8.88
0.000000000000016086956999164466480099085038520503005	 8.89
-0.000000000000000945994404399848438729561894582625663	 8.90
0.000000000000017227025496934049714697642799750273722	 8.91
-0.000000000000010222754297470033860308639880174707936	 8.92
0.000000000000013448069364968783336312880722618477201	 8.93
-0.000000000000010175335498945382323053006485060829988	 8.94
0.000000000000016519935103078647301283163004249918783	 8.95
-0.000000000000010391150765997198186798831158311707192	 8.96
-0.000000000000005229577520602440966298041291408239575	 8.97
0.000000000000016884165978369500952380514377867787444	 8.98
0.000000000000007873541300238170029964935207884832729	 8.99
0.000000000000005972145984030479452629757801985939698	 9.00
-0.000000000000001800866269176358114144606546862259457	 9.01
-0.000000000000018255318559784788940240046971501848166	 9.02
0.000000000000011927915057405205413340944035971282907	 9.03
-0.000000000000004895094570724333263324944680568558517	 9.04
-0.000000000000017472357994482907350166543154238520931	 9.05
-0.000000000000017785658191725263945504862632967379180	 9.06
-0.000000000000017994441340780246088729963027367803329	 9.07
-0.000000000000000393861198628239600773511829205225978	 9.08
0.000000000000017377527518934511840140403502615726596	 9.09
-0.000000000000010237040084184039725527614956602251927	 9.10
-0.000000000000018437209718422469614809664374032805660	 9.11
0.000000000000006027820707588720494099551012230096811	 9.12
-0.000000000000015372921002193720762182598491022802863	 9.13
0.000000000000013884809386620286586694981447964605562	 9.14
-0.000000000000016095458144022741929814455360845901103	 9.15
0.000000000000007660777699124319659320608897114635280	 9.16
0.000000000000017530361910824430638120581354821160486	 9.17
-0.000000000000007773496588751445805344622180078634826	 9.18
0.000000000000018236269657514298569758120175622924561	 9.19
-0.000000000000000900732653091880227624475215574352130	 9.20
0.000000000000018645235870730074183263442871785820150	 9.21
0.000000000000010021411107329091581561881246350516336	 9.22
-0.000000000000000960980883853846957535667676898267379	 9.23
-0.000000000000014306132595427007978391850809037393967	 9.24
-0.000000000000012480851303832624523474317175659170340	 9.25
-0.000000000000012883323596698928526706846380722944521	 9.26
-0.000000000000014608595749479843211835290408398077792	 9.27
-0.000000000000010012735650115422447817603416807247250	 9.28
0.000000000000009433610602492819944423258248571194805	 9.29
-0.000000000000016198928937121576042951516852368387205	 9.30
-0.000000000000017110527870226457089110797506334296904	 9.31
-0.000000000000001710774582363152505092085564078633573	 9.32
-0.000000000000011115784853468077935455449500976137524	 9.33
0.000000000000012818117123363503161375938059081831289	 9.34
0.000000000000014614036345604707820429043977118174382	 9.35
0.000000000000007235969857915240153777247617365267543	 9.36
0.000000000000004581696054918745158599766033514606429	 9.37
-0.000000000000012497055228619654788709831195543701583	 9.38
0.000000000000019377935072220497885004859827971242712	 9.39
-0.000000000000019412419944076194981930214296105902255	 9.40
0.000000000000014836474255936060267905421218870641847	 9.41
0.000000000000012431502898957073450418038112509135665	 9.42
0.000000000000007234298147329444299230633503821584967	 9.43
-0.000000000000008855194511466304876526034940758761181	 9.44
0.000000000000011606012144779396463373684857702899094	 9.45
-0.000000000000019422984829106660618606925803780910889	 9.46
-0.000000000000018347640029219266805265056968992052132	 9.47
-0.000000000000009052706209943763904485231441997997302	 9.48
-0.000000000000000494542548065766288628976772086200137	 9.49
0.000000000000008150445037271409651217592075942195016	 9.50
-0.000000000000017699898867631152207783727898124503874	 9.51
0.000000000000017387671448444663026152600750890761020	 9.52
-0.000000000000018164514441496184942869197253181552080	 9.53
0.000000000000002316159841892644728377159265893478247	 9.54
0.000000000000000304902058610563617173532157475004132	 9.55
0.000000000000018142362244809040853316243266538848739	 9.56
-0.000000000000019337924877347771522416910751949315228	 9.57
-0.000000000000007920206489057948628172462806351015757	 9.58
0.000000000000019437131847809734820905599198811441991	 9.59
0.000000000000011599864329034705546419062516730665278	 9.60
-0.000000000000019792706976390827514126289449407744325	 9.61
-0.000000000000006614763102416766557040990380595725914	 9.62
0.000000000000001875394320963418371399976390668304815	 9.63
-0.000000000000007765030673094111024659467363519308703	 9.64
-0.000000000000018568048941511483766202880035390741512	 9.65
-0.000000000000011724303303722621417940847432150576196	 9.66
-0.000000000000020205198185506797938642958809814721150	 9.67
-0.000000000000016027902828029058898652050625645453035	 9.68
-0.000000000000019686829624642574742125518616293639294	 9.69
0.000000000000019928400415970701311762370199988467572	 9.70
-0.000000000000018933307073731561881648577679895667361	 9.71
0.000000000000019996287277289183093944142693926020794	 9.72
0.000000000000014537850452160034549153322879224458190	 9.73
-0.000000000000016119479616205611242368430432607349314	 9.74
-0.000000000000004040314592538086140365993848507445621	 9.75
0.000000000000020476225636825897670853289483301004506	 9.76
-0.000000000000017943277275907364826262273734040091606	 9.77
0.000000000000020208653718414385680716878142949613219	 9.78
0.000000000000018690082291310935130492561584069356148	 9.79
0.000000000000011793097605648525225855321244775174671	 9.80
-0.000000000000004569031848469627668542421189179133655	 9.81
-0.000000000000017223581702419853117591825722968672151	 9.82
-0.000000000000000940039450431757858864792951847218917	 9.83
0.000000000000018227092049438621092066935539061023039	 9.84
-0.000000000000020847068176051812784389268334285297421	 9.85
0.000000000000012301879641221730476993807674691802777	 9.86
0.000000000000020573314984725728551884005991234141363	 9.87
-0.000000000000011450974018729920573658839389115438354	 9.88
-0.000000000000008978773384256317887860150279330333060	 9.89
0.000000000000003284601137574317756182991553120293722	 9.90
-0.000000000000012038081005514639425834344830583270358	 9.91
0.000000000000021055054401016322270170911422047265812	 9.92
-0.000000000000019824427385061163385946125616284763531	 9.93
-0.000000000000014820375640562027531559728735649291846	 9.94
0.000000000000014541704845740436210352404230094297670	 9.95
-0.000000000000021118608718998427935599865474373077016	 9.96
-0.000000000000008004892632532729559258431456211767277	 9.97
0.000000000000021042407034830900593894347857475828693	 9.98
0.000000000000015393633681025175389906439489787290996	 9.99
0.000000000000020306510779438155275848469373736648088	 10.00
0.000000000000003826001733037629544247817635303052713	 10.01
0.000000000000021196008800055866811757431613136276741	 10.02
0.000000000000007446154017173844847474644124761427100	 10.03
0.000000000000017559340986896614978830961593022602664	 10.04
-0.000000000000016745881409331345331602839356193962327	 10.05
0.000000000000007733803935441537720663193762548448925	 10.06
0.000000000000016952728186323904230628695726919626531	 10.07
0.000000000000019368255189571305145162811538708583960	 10.08
-0.000000000000021334790606224369324547258083038327936	 10.09
