0.070906652097516995048032129034254467114806175231934	 0.10
0.070081918835834866587930491732549853622913360595703	 0.11
0.067878539704891452388757500102656194940209388732910	 0.12
0.064579660206014966039589353385963477194309234619141	 0.13
0.060457588454986707637850429364334559068083763122559	 0.14
0.055763041364843016212127224662253865972161293029785	 0.15
0.050718838015945531816353053500279202125966548919678	 0.16
0.045516865664649512612793813559619593434035778045654	 0.17
0.040317396235233712853407439524744404479861259460449	 0.18
0.035250035978607277553642518341803224757313728332520	 0.19
0.030415756398311132729928019102771941106766462326050	 0.20
0.025889587385150521214871588426831294782459735870361	 0.21
0.021723659515958289312198559173339162953197956085205	 0.22
0.017950366476740121923771908996059210039675235748291	 0.23
0.014585484591778696480957044911974662682041525840759	 0.24
0.011631137833668470787928939103039738256484270095825	 0.25
0.009078536243263076246923226619855995522812008857727	 0.26
0.006910445713299664428908020141761880950070917606354	 0.27
0.005103369492327146025867357082006492419168353080750	 0.28
0.003629438115465893812533471063375145604368299245834	 0.29
0.002458016050869359439556838253793102921918034553528	 0.30
0.001557041214007515595590946944071220059413462877274	 0.31
0.000894118497044138330932805391881856849067844450474	 0.32
0.000437391274589239069468110665539484216424170881510	 0.33
0.000156216031092419501942816784101353277947055175900	 0.34
0.000021665248146190837851650032308548077253362862393	 0.35
0.000006882838931358593372868918264240178928048408125	 0.36
0.000087314993531371957969852704017910127731738612056	 0.37
0.000240837513059849472624868171877210443199146538973	 0.38
0.000447798722955817238896430998451592131459619849920	 0.39
0.000690994986835020063783985300176482269307598471642	 0.40
0.000955593780351528428174123774851977941580116748810	 0.41
0.001229017292619233097869524407030894508352503180504	 0.42
0.001500797643881853112024504781629730132408440113068	 0.43
0.001762413069774021196628455143695646256674081087112	 0.44
0.002007112840221420349551273432098241755738854408264	 0.45
0.002229737261306006645272814736813415947835892438889	 0.46
0.002426537851126851167565812161797111912164837121964	 0.47
0.002595001680871559211760679630742743029259145259857	 0.48
0.002733682921711688175447907411808046163059771060944	 0.49
0.002842043826323808683453897572235291590914130210876	 0.50
0.002920306689118960363077404096543432387989014387131	 0.51
0.002969317759362672531908700079839036334306001663208	 0.52
0.002990423613928881989981745093132303736638277769089	 0.53
0.002985360119398704301790781201475510897580534219742	 0.54
0.002956153815086660485017544530705890792887657880783	 0.55
0.002905035318583573406697739827109217003453522920609	 0.56
0.002834364183618306998191371803841320797801017761230	 0.57
0.002746564517419977473344783192032991792075335979462	 0.58
0.002644070583183811239125216019374420284293591976166	 0.59
0.002529281565475053911856706534422301047015935182571	 0.60
0.002404524656079043854611798636256025929469615221024	 0.61
0.002272025619366666027154622042871778830885887145996	 0.62
0.002133886014897386045052751768480447935871779918671	 0.63
0.001992066286621474620333049898590616066940128803253	 0.64
0.001848373969197183606591461391133179859025403857231	 0.65
0.001704456309696248490423431398710363282589241862297	 0.66
0.001561796654924695266011824834606613876530900597572	 0.67
0.001421714008768782495570337509604996739653870463371	 0.68
0.001285365218805151199532588179863523691892623901367	 0.69
0.001153749305641913391537456412550000095507130026817	 0.70
0.001027713501118699464947914279377982893493026494980	 0.71
0.000907960611867508781726299194048124263645149767399	 0.72
0.000795057372303249049183548891051032114773988723755	 0.73
0.000689443495525907611674865105300114009878598153591	 0.74
0.000591441171662987160741187242507521659717895090580	 0.75
0.000501264800766519896119133292700098536442965269089	 0.76
0.000419030781494133597927381762460186109819915145636	 0.77
0.000344767207512727325881274342833648915984667837620	 0.78
0.000278423350982548662227444857819591561565175652504	 0.79
0.000219878836764741329538874747839827250572852790356	 0.80
0.000168952432331737702241383769496962941047968342900	 0.81
0.000125410396948293957619657845725669176317751407623	 0.82
0.000088974349745067466918059528868667484857724048197	 0.83
0.000059328630041669225291846301306719624335528351367	 0.84
0.000036127134907673291003803173193631437243311665952	 0.85
0.000018999628687695970278518503571163478227390442044	 0.86
0.000007557527262094873683956949145246184684765466955	 0.87
0.000001399166359571435877439857763115949040866325959	 0.88
0.000000114568461672509632251364174258118078242318916	 0.89
0.000003289726908975985472709463799945162065796466777	 0.90
0.000010510428888483893788410514225084568806778406724	 0.91
0.000021365641192170823221526190782704190951335476711	 0.92
0.000035450484115304411515158522494317594464519061148	 0.93
0.000052368819724950384437208578125577673745283391327	 0.94
0.000071735481076728776898311645826566973482840694487	 0.95
0.000093178168882529320690352725442551218293374404311	 0.96
0.000116339041713983435224512297256893589292303659022	 0.97
0.000140876025136370345560918315719334259483730420470	 0.98
0.000166463864266420009116811962179838246811414137483	 0.99
0.000192794943188046962855713983842065317730884999037	 1.00
0.000219579893487262332429227340568900217476766556501	 1.01
0.000246548012919884588622226884169208460662048310041	 1.02
0.000273447513934988600554226723104989105195272713900	 1.03
0.000300045620470080457060924050693984099780209362507	 1.04
0.000326128530132387768527418847597232343105133622885	 1.05
0.000351501257602014095804410231949077569879591464996	 1.06
0.000375987373850805988318574124562587712716776877642	 1.07
0.000399428654576132404104005235723207078990526497364	 1.08
0.000421684650109406219172653029758635057078208774328	 1.09
0.000442632187980529349415059758854340543621219694614	 1.10
0.000462164818304876539190734208162325558078009635210	 1.11
0.000480192211211207865308170372742324616410769522190	 1.12
0.000496639514647073221191575509436688662390224635601	 1.13
0.000511446680082634666346386165258763867313973605633	 1.14
0.000524567762882566560565800184434692710055969655514	 1.15
0.000535970203426882631746186458343572667217813432217	 1.16
0.000545634094432082732487043763569545262726023793221	 1.17
0.000553551439351351089873665145546510757412761449814	 1.18
0.000559725406212411972541043159168339116149581968784	 1.19
0.000564169580781624939620766401304763348889537155628	 1.20
0.000566907222518079332608531561987774693989194929600	 1.21
0.000567970526399362357281019875188121659448370337486	 1.22
0.000567399893356715975117898764779056364204734563828	 1.23
0.000565243211748722934953392815771167079219594597816	 1.24
0.000561555152025596361967108016699512518243864178658	 1.25
0.000556396476487542039797429271885675916564650833607	 1.26
0.000549833365817664577665513370163807849166914820671	 1.27
0.000541936763869226901559061904123382191755808889866	 1.28
0.000532781742006573663487933867344281679834239184856	 1.29
0.000522446884135977082305735130773882701760157942772	 1.30
0.000511013693414908115424111212377056290279142558575	 1.31
0.000498566021493885864340755986745534755755215883255	 1.32
0.000485189521022150302333869609228145236556883901358	 1.33
0.000470971122035385473484497831364592457248363643885	 1.34
0.000455998532739352842660385256579047563718631863594	 1.35
0.000440359765105991505292765131329701944196131080389	 1.36
0.000424142685607554309999700503652775296359322965145	 1.37
0.000407434591328660329449806720703008977579884231091	 1.38
0.000390321811614888040942172864333770121447741985321	 1.39
0.000372889335339226385412914055450528394430875778198	 1.40
0.000355220463793730692469985399384313495829701423645	 1.41
0.000337396489142787966725861581451795245811808854342	 1.42
0.000319496398305995125098399878282862118794582784176	 1.43
0.000301596602072845250755439572287741611944511532784	 1.44
0.000283770689187784236513778513000261227716691792011	 1.45
0.000266089205082840093812002191242527260328643023968	 1.46
0.000248619454875866627632796657110247906530275940895	 1.47
0.000231425330195446425597324835443657775613246485591	 1.48
0.000214567159338871721405844761321191072056535631418	 1.49
0.000198101580217232799878759874623312953190179541707	 1.50
0.000182081435491838995125585265455470107553992420435	 1.51
0.000166555689258946826910440242031086199858691543341	 1.52
0.000151569364595228978998334157246574704913655295968	 1.53
0.000137163501234824629533559647853735441458411514759	 1.54
0.000123375132610147557462795808724820290080970153213	 1.55
0.000110237281453195935972122487811475366470403969288	 1.56
0.000097778973121859878562568690885115074706845916808	 1.57
0.000086025265786945529855947456532305750442901626229	 1.58
0.000074997296590268851560964757929639290523482486606	 1.59
0.000064712342862392367107832180650461850746069103479	 1.60
0.000055183897470455912763215994276677633934014011174	 1.61
0.000046421757352023673140126169833763469796394929290	 1.62
0.000038432124280099009704016882471577787327987607569	 1.63
0.000031217716897340315723025083727293349511455744505	 1.64
0.000024777893054060823714796271688420858936297008768	 1.65
0.000019108781484793625901012076306884068799263332039	 1.66
0.000014203421861943231994940273210659142932854592800	 1.67
0.000010051912272285104407937642023718183281744131818	 1.68
0.000006641563172689874342414628055619729707359510940	 1.69
0.000003957056895336250696912361313195560796884819865	 1.70
0.000001980611789683058833152259209375856130463944282	 1.71
0.000000692150108475342378352339681168992058246658416	 1.72
0.000000069468767857076256673239513048795368277410489	 1.73
0.000000088412137124125642588653647968577331539563602	 1.74
0.000000723046041548120887811654071419820155597335543	 1.75
0.000001945832191866701536462312682740360969546600245	 1.76
0.000003727802286251046321092529611807009359836229123	 1.77
0.000006038731064623912946206715779418061629257863387	 1.78
0.000008847307630897808253733413663688622818881412968	 1.79
0.000012121304395818009629949042749164078713874914683	 1.80
0.000015827743031405713553666503301542434201110154390	 1.81
0.000019933056867308547973260610119972113807307323441	 1.82
0.000024403249199424848690743658496948853553476510569	 1.83
0.000029204047021822342395432764439178185966738965362	 1.84
0.000034301049733943487758756202277155011870490852743	 1.85
0.000039659872416252569399253147253148199524730443954	 1.86
0.000045246283308578271050662961139110507247096393257	 1.87
0.000051026335166288293982133489334884757226973306388	 1.88
0.000056966490209920016209339810320244623653707094491	 1.89
0.000063033738423787236061952843346745112285134382546	 1.90
0.000069195708998274577127864104486576479757786728442	 1.91
0.000075420774748823736087673108574591651631635613739	 1.92
0.000081678149381897896573814787934963987936498597264	 1.93
0.000087937977514364668225367582810036992668756283820	 1.94
0.000094171417387602036940322247637880082038464024663	 1.95
0.000100350716251172643301257936254700098288594745100	 1.96
0.000106449278422977432635027073004607700568158179522	 1.97
0.000112441726063330677161389292706417109002359211445	 1.98
0.000118303952729331742226188961542021615969133563340	 1.99
0.000124013169803201603455175550116962313040858134627	 2.00
0.000129547945913802755322011273086957316991174593568	 2.01
0.000134888239494390167099238664327742753812344744802	 2.02
0.000140015424641715894703980493929407202813308686018	 2.03
0.000144912310461878371175767354905872252857079729438	 2.04
0.000149563154106798981571660456246775083855027332902	 2.05
0.000153953667721926708723129140210517107334453612566	 2.06
0.000158071019540700951136469321056665648939087986946	 2.07
0.000161903829374500363418726278652570726990234106779	 2.08
0.000165442158758266752091592444173784315353259444237	 2.09
0.000168677496021775599017653024525031923985807225108	 2.10
0.000171602736564666085881600277041059143812162801623	 2.11
0.000174212158619871447344518156086223825695924460888	 2.12
0.000176501394795104969747193135454210732859792187810	 2.13
0.000178467399685543285639197086389629021141445264220	 2.14
0.000180108413852960721557652790103531970089534297585	 2.15
0.000181423924467265679791663779418797730613732710481	 2.16
0.000182414622905850481657252792899726046016439795494	 2.17
0.000183082359604374916503544135082393040647730231285	 2.18
0.000183430096449658939150237357829098527872702106833	 2.19
0.000183461857001390043781646754794678599864710122347	 2.20
0.000183182674824319818981596674767331478506093844771	 2.21
0.000182598540206717699103250440728629655495751649141	 2.22
0.000181716345534100036807761968660202001046855002642	 2.23
0.000180543829579691124604182150825693042861530557275	 2.24
0.000179089520964876631374876336799673026689561083913	 2.25
0.000177362681034035155882774836832993514690315350890	 2.26
0.000175373246378774115582580006567070540768327191472	 2.27
0.000173131771236697341908097880214256747422041371465	 2.28
0.000170649369979572815411369979265998608752852305770	 2.29
0.000167937659895162414011235418875855884834891185164	 2.30
0.000165008704456080752343352657796060611872235313058	 2.31
0.000161874957257933973749433609334857919748174026608	 2.32
0.000158549206797788003013571778154755520517937839031	 2.33
0.000155044522252603211940474858820948611537460237741	 2.34
0.000151374200405946494505868282764993182354373857379	 2.35
0.000147551713859870139208124717455916652397718280554	 2.36
0.000143590660657536028400882432976004565716721117496	 2.37
0.000139504715430968331173547380963384512142511084676	 2.38
0.000135307582177198143340290936720293757389299571514	 2.39
0.000131012948755197003404202038545633968169568106532	 2.40
0.000126634443185323787963228459041431506193475797772	 2.41
0.000122185591822543334087833311052406770613742992282	 2.42
0.000117679779464568325521127423183287419305997900665	 2.43
0.000113130211446190955979981818124713299766881391406	 2.44
0.000108549877761570818797236259722893692014622502029	 2.45
0.000103951519247071468357579426822212553815916180611	 2.46
0.000099347595848397324529849283791804737120401114225	 2.47
0.000094750256987413973542265510641158243743120692670	 2.48
0.000090171314035919814563850571698111480145598761737	 2.49
0.000085622214896062195672171712956810551986563950777	 2.50
0.000081114020679820604434011321881570211189682595432	 2.51
0.000076657384473190543134647756406963026165612973273	 2.52
0.000072262532164274392030081650695194639411056414247	 2.53
0.000067939245308523278752028951021912916985456831753	 2.54
0.000063696845998802826237239482765062348335050046444	 2.55
0.000059544183702792111601183322466823710783501155674	 2.56
0.000055489624025499808732640738551111780907376669347	 2.57
0.000051541039350322174724446794291665696619020309299	 2.58
0.000047705801308147458223221648587752952153095975518	 2.59
0.000043990775020435473490788835793097177884192205966	 2.60
0.000040402315059047180507804941651528451984631828964	 2.61
0.000036946263062778837325209752018295716879947576672	 2.62
0.000033627946948117374192845779878879852731188293546	 2.63
0.000030452181649628796001987030006574741491931490600	 2.64
0.000027423271323620995357879179255000678949727443978	 2.65
0.000024545012947283412251334167031302513350965455174	 2.66
0.000021820701244351209505166824809130332596396328881	 2.67
0.000019253134867499594330263884556231346323329489678	 2.68
0.000016844623767108298217085385339863989884179318324	 2.69
0.000014596997675711239481261861927752221390619524755	 2.70
0.000012511615637407576650109823634959838045688229613	 2.71
0.000010589376511670507702159507723571607584744924679	 2.72
0.000008830730381391631601535434359373510915247607045	 2.73
0.000007235690795600445338715215465308361331153719220	 2.74
0.000005803847778083496815478524444298358275773352943	 2.75
0.000004534381534102021182733917997742523198212438729	 2.76
0.000003426076788529593989080044430517446585326979402	 2.77
0.000002477337690017587062648370815898246632968948688	 2.78
0.000001686203217204395582705942283063826891975622857	 2.79
0.000001050363024524415092415753798793520701337911305	 2.80
0.000000567173666819064369116532887959980513414848247	 2.81
0.000000233675143696472942381992215880870400468438675	 2.82
0.000000046607706417661737332425045746142622249408305	 2.83
0.000000002428871991180157276956952426896774177578209	 2.84
0.000000097330591129677658989845733493451174211941179	 2.85
0.000000327256518742710995047373806823842734559093515	 2.86
0.000000687919337708171595597303818458989610462595010	 2.87
0.000001174818088766045725152833631432791605675447499	 2.88
0.000001783255461503662778010139214335261215182981687	 2.89
0.000002508355003547954852885157328579168733995174989	 2.90
0.000003345078207231890722123330075832292607174167642	 2.91
0.000004288241435158220183374109396590156961792672519	 2.92
0.000005332532648236716098558672649598833004347397946	 2.93
0.000006472527901907500682957864734934361194973462261	 2.94
0.000007702707578388269871248576758926418506234767847	 2.95
0.000009017472324884011480460206666709410683324676938	 2.96
0.000010411158669767113109415682115077572689187945798	 2.97
0.000011878054290782612525327437136279939977612229995	 2.98
0.000013412412911331309781125600832929478656296851113	 2.99
0.000015008468802854115493167729000756338564315228723	 3.00
0.000016660450873259978097577077571500581143482122570	 3.01
0.000018362596323213628974864788934162618261325405911	 3.02
0.000020109163853932511014082490374832445922947954386	 3.03
0.000021894446411907694772461946408625976800976786762	 3.04
0.000023712783457699390676515910358901351173699367791	 3.05
0.000025558572747611651700084742233620715978759108111	 3.06
0.000027426281618677865556821943160414889462117571384	 3.07
0.000029310457768928180506684544326390096102841198444	 3.08
0.000031205739526425581211593884845001412031706422567	 3.09
0.000033106865601976609317456251568856373523885849863	 3.10
0.000035008684321819907674360611293806755384139250964	 3.11
0.000036906162337909101855883825527016028900106903166	 3.12
0.000038794392814669560406743570313281566086516249925	 3.13
0.000040668603092314204675711275527305588184390217066	 3.14
0.000042524161827950950249838807382118943678506184369	 3.15
0.000044356585616797385108675544351797270792303606868	 3.16
0.000046161545096858872980986193690355889884813223034	 3.17
0.000047934870541389807633431141553614907024893909693	 3.18
0.000049672556944387027055235611650019222906848881394	 3.19
0.000051370768605226947093721906467678195440385024995	 3.20
0.000053025843219366965099106220327129790348408278078	 3.21
0.000054634295482801921689085949962461086215625982732	 3.22
0.000056192820218656395006313203355219343393400777131	 3.23
0.000057698295034984184415614849594788893227814696729	 3.24
0.000059147782523421367538787873918693094310583546758	 3.25
0.000060538532008938783458493193556648748199222609401	 3.26
0.000061867980861432029485343087049642463171039707959	 3.27
0.000063133755380379578047919664207654477650066837668	 3.28
0.000064333671264224268375106485784442611475242301822	 3.29
0.000065465733676526145995780425757004650222370401025	 3.30
0.000066528136921284610318452767963037786103086546063	 3.31
0.000067519263740148930579357267056650471204193308949	 3.32
0.000068437684244494637140349135862038565392140299082	 3.33
0.000069282154495606715588311430575885196958552114666	 3.34
0.000070051614746395536635972800532101700810017064214	 3.35
0.000070745187358258235753305509518895632936619222164	 3.36
0.000071362174406834147648466537550149269009125418961	 3.37
0.000071902054990519804816492821508688848552992567420	 3.38
0.000072364482255679523172754719073651585858897306025	 3.39
0.000072749280152563654570571638480203091603470966220	 3.40
0.000073056439935949811503856921035549021326005458832	 3.41
0.000073286116424554271944584449283155436205561272800	 3.42
0.000073438624033210709229554935539852067449828609824	 3.43
0.000073514432591798294395687984881249121826840564609	 3.44
0.000073514162964812300232395059218504229647805914283	 3.45
0.000073438582485409905600999558306085646108840592206	 3.46
0.000073288600217628495272353950085175711137708276510	 3.47
0.000073065262060382392948244822949988019900047220290	 3.48
0.000072769745706676835367288092015769507270306348801	 3.49
0.000072403355471336466354925764932204401702620089054	 3.50
0.000071967517000364229101151691825322131990105845034	 3.51
0.000071463771874860092833507685394778263798798434436	 3.52
0.000070893772122228120285275521084145111672114580870	 3.53
0.000070259274647183501266711758148630906362086534500	 3.54
0.000069562135594840906658263557371668639461859129369	 3.55
0.000068804304657934012875823703847544265954638831317	 3.56
0.000067987819339955743468996429701434180969954468310	 3.57
0.000067114799185752970563274832915823253642884083092	 3.58
0.000066187439990843477616647150263418097893008962274	 3.59
0.000065208008000435156389408553057052131407544948161	 3.60
0.000064178834108847890153361215315186427687876857817	 3.61
0.000063102308069745135848602202166546248918166384101	 3.62
0.000061980872727269574647135375045081673306412994862	 3.63
0.000060817018277885882035060233219425640527333598584	 3.64
0.000059613276572409010960803404932661919701786246151	 3.65
0.000058372215467379001739654104108367960179748479277	 3.66
0.000057096433234628093846951130130307205945427995175	 3.67
0.000055788553037544187760028713274351730433409102261	 3.68
0.000054451217482222041431274422995656436796707566828	 3.69
0.000053087083251342555192519440110388018183584790677	 3.70
0.000051698815828292819113138484299341257610649336129	 3.71
0.000050289084318702979164734251371626783111423719674	 3.72
0.000048860556376223450208897552959896870561351533979	 3.73
0.000047415893239041217511239162396563529000559356064	 3.74
0.000045957744883271939826969304521142589692317415029	 3.75
0.000044488745299043135040476665276187873132585082203	 3.76
0.000043011507894714951524915008684857298248971346766	 3.77
0.000041528621034369423911658536496815941063687205315	 3.78
0.000040042643713335456998308331533209525332495104522	 3.79
0.000038556101376188017543916730645037205249536782503	 3.80
0.000037071481881314485243988920970537037646863609552	 3.81
0.000035591231615813163349434922189118424284970387816	 3.82
0.000034117751764139836294104785041625405028753448278	 3.83
0.000032653394733602115118306641328160822013160213828	 3.84
0.000031200460739456738472764191216768381309520918876	 3.85
0.000029761194552055067632069865202204539400554494932	 3.86
0.000028337782408147307183516466766448615999252069741	 3.87
0.000026932349088142848529117343026051401011500274763	 3.88
0.000025546955160815227199025065352167018772888695821	 3.89
0.000024183594396623699584146505170423324670991860330	 3.90
0.000022844191350525024824039133086728270427556708455	 3.91
0.000021530599114850048508319757534223981565446592867	 3.92
0.000020244597242524974982412835911027571000886382535	 3.93
0.000018987889840632771220382130072934501185955014080	 3.94
0.000017762103834029072590636189055146587634226307273	 3.95
0.000016568787398451227899044344016310503775457618758	 3.96
0.000015409408562293064657135535644449930714472429827	 3.97
0.000014285353975959747693477187857613586174920783378	 3.98
0.000013197927847455974133088207889130671901511959732	 3.99
0.000012148351042625802853028478545116541909010265954	 4.00
0.000011137760348214129142610344380681652864950592630	 4.01
0.000010167207895695239757306166383798995411780197173	 4.02
0.000009237660743588152663114537732624853560992050916	 4.03
0.000008350000615766582499248718574058614194655092433	 4.04
0.000007505023793061733826631302946008617027473519556	 4.05
0.000006703441155262428970465753835794586734664335381	 4.06
0.000005945878370424547523277487154347298314860381652	 4.07
0.000005232876228222757878337512149613530709757469594	 4.08
0.000004564891113906810143192004092238533985437243246	 4.09
0.000003942295619260665734103279977951217460940824822	 4.10
0.000003365379286809269287659377584143172157382650767	 4.11
0.000002834349483374136725427052882486655960292409873	 4.12
0.000002349332398942815536415718372098559996175026754	 4.13
0.000001910374166691261521106243517764688988336274633	 4.14
0.000001517442099881638483299976447038481808249343885	 4.15
0.000001170426041248577664973147538507447507072356530	 4.16
0.000000869139820391807684180421333941524153487989679	 4.17
0.000000613322814600076129761181166488714922024882981	 4.18
0.000000402641608453227021776450137574565601994436292	 4.19
0.000000236691747478711861796539820887441685215435427	 4.20
0.000000114999581075305715174016704758358509153026716	 4.21
0.000000037024189865844052039880790385545372700448752	 4.22
0.000000002159392595496395226846770865622784918436139	 4.23
0.000000009735827658259695321572316716821765547607015	 4.24
0.000000059023104307528710420293444841727259486674484	 4.25
0.000000149232018589228869447088502223075501262883336	 4.26
0.000000279516829027101020214529474017250976203285973	 4.27
0.000000448977587088908041748072045434847510136933124	 4.28
0.000000656662517470122426781306730625420442493123119	 4.29
0.000000901570443246920915110064094488695474183259648	 4.30
0.000001182653250974573400512279003349291883750993293	 4.31
0.000001498818390837313197796153152463460855869925581	 4.32
0.000001848931406996110102293755413083164995668994379	 4.33
0.000002231818493325451679639738478133637045175419189	 4.34
0.000002646269069783624380999683886606099747496045893	 4.35
0.000003091038374721699388868526026108440873940708116	 4.36
0.000003564850068502654428331767252902118059409986017	 4.37
0.000004066398843873764329425509606030786358132900205	 4.38
0.000004594353038617653577936877223875100639816082548	 4.39
0.000005147357246088584576684202970264792043053603265	 4.40
0.000005724034919334763402501160128865720366775349248	 4.41
0.000006322990964601135158444818185063951432312023826	 4.42
0.000006942814320109829789558555934725347924540983513	 4.43
0.000007582080516120488585429977590468553216851432808	 4.44
0.000008239354212383594722722036929329902932295226492	 4.45
0.000008913191709215358921676759795804656505424645729	 4.46
0.000009602143428541384841666019023254108333276235498	 4.47
0.000010304756361378132861316564428122433128010015935	 4.48
0.000011019576478348925833885933733835571501913364045	 4.49
0.000011745151099958520661417984976004902364365989342	 4.50
0.000012480031223485086683223574399725919192860601470	 4.51
0.000013222773803479295076450904244946826793238869868	 4.52
0.000013971943983002279362094083525747123530891258270	 4.53
0.000014726117272868034598532101242529535056746681221	 4.54
0.000015483881676300196222418117941721504848828772083	 4.55
0.000016243839756555657872312201095432726560829905793	 4.56
0.000017004610645205802928539573493083025823580101132	 4.57
0.000017764831988919298552806122493130658313020830974	 4.58
0.000018523161832726464995618059772297669951512943953	 4.59
0.000019278280437896125082842396780691274216223973781	 4.60
0.000020028892032700146101902721751386593496135901660	 4.61
0.000020773726494485950864717430097705630487325834110	 4.62
0.000021511540961620738388829915388456015534757170826	 4.63
0.000022241121374019927505035973402947035992838209495	 4.64
0.000022961283941110602969991674737748610368726076558	 4.65
0.000023670876536227331184136790653838033904321491718	 4.66
0.000024368780016575606190950067930778288882720516995	 4.67
0.000025053909468042046709314318864159076838404871523	 4.68
0.000025725215374261809267702333370309020210697781295	 4.69
0.000026381684709498243927936617092555593444558326155	 4.70
0.000027022341955013872143599035213767933782946784049	 4.71
0.000027646250038751828278192623766784663530415855348	 4.72
0.000028252511198271650544365865553864125558902742341	 4.73
0.000028840267767007780311174641729721201954816933721	 4.74
0.000029408702884048968712775787293089990726002724841	 4.75
0.000029957041127749390663822376401626002007105853409	 4.76
0.000030484549073607847491590785993231804695824394003	 4.77
0.000030990535776956092009568749512382623834128025919	 4.78
0.000031474353181118672737916208692610098296427167952	 4.79
0.000031935396451804719405130617015942107173032127321	 4.80
0.000032373104238601633554119063607146244976320303977	 4.81
0.000032786958864537887458224379999549569220107514411	 4.82
0.000033176486444777852663923917164723320638586301357	 4.83
0.000033541256935607782090937034613631340107531286776	 4.84
0.000033880884114954357177237204146180715724767651409	 4.85
0.000034195025495766637906903950838710670723230578005	 4.86
0.000034483382173670851439991474896018530671426560730	 4.87
0.000034745698610381594163398072394599580547946970910	 4.88
0.000034981762354430196847610706756270815276366192847	 4.89
0.000035191403700831934756292768140539806154265534133	 4.90
0.000035374495291383444874055985707173022092320024967	 4.91
0.000035530951657338958292464692334533538087271153927	 4.92
0.000035660728706268430177224459942664225309272296727	 4.93
0.000035763823154952596576096335301286899266415275633	 4.94
0.000035840271910217421172124147021875728569284547120	 4.95
0.000035890151399652726405334335346708485303679481149	 4.96
0.000035913576854197330333762910870021300979715306312	 4.97
0.000035910701544610354593242695919741436227923259139	 4.98
0.000035881715973874484535213746916326726932311430573	 4.99
0.000035826847027608390932294779585021160528413020074	 5.00
0.000035746357084584706243542834291915255562344100326	 5.01
0.000035640543089467580269158464290057963808067142963	 5.02
0.000035509735589903389544816358913692511123372241855	 5.03
0.000035354297740103988859951267276215958190732635558	 5.04
0.000035174624273070790518407047198223835948738269508	 5.05
0.000034971140443612869750950739033967806790315080434	 5.06
0.000034744300944311610286532182589880335399357136339	 5.07
0.000034494588796579484521812042352451044280314818025	 5.08
0.000034222514218955134941355100686166679224697872996	 5.09
0.000033928613474768737714483413103749853689805604517	 5.10
0.000033613447701293218286642400238761752007121685892	 5.11
0.000033277601722486270378106171241583410846942570060	 5.12
0.000032921682847405029520310854040943127074569929391	 5.13
0.000032546319656355086099696477530685001511301379651	 5.14
0.000032152160776809041240874992295672996078792493790	 5.15
0.000031739873651105224576680907677683762813103385270	 5.16
0.000031310143297901183888007348166127030708594247699	 5.17
0.000030863671069332860002597945792146560961555223912	 5.18
0.000030401173405786206208490513036579727668140549213	 5.19
0.000029923380590158283969491603837553839184693060815	 5.20
0.000029431035503441725647991514258627887556940549985	 5.21
0.000028924892383426542747954651746411514068313408643	 5.22
0.000028405715588270981082456845268069400844979099929	 5.23
0.000027874278366648329779758572199988009288063040003	 5.24
0.000027331361636128462629840088493615724019036861137	 5.25
0.000026777752771409993136743701858115684899530606344	 5.26
0.000026214244403962004028012938716685198414779733866	 5.27
0.000025641633234594660666191487385923153397015994415	 5.28
0.000025060718860415029049255181137212389330670703202	 5.29
0.000024472302617581142479509168086160286748054204509	 5.30
0.000023877186441208783569982096461892240313318325207	 5.31
0.000023276171743734378946893287531949567892297636718	 5.32
0.000022670058312977254503118446082865489188407082111	 5.33
0.000022059643231098620365024376432927510904846712947	 5.34
0.000021445719815585560563469744166376074190338840708	 5.35
0.000020829076583346215026685752103041693317209137604	 5.36
0.000020210496238931522782096561474673990232986398041	 5.37
0.000019590754687855876144814137873595427663531154394	 5.38
0.000018970620075918386346477614856631532802566653118	 5.39
0.000018350851855382127353647978007522567622800124809	 5.40
0.000017732199878802415497726016613277977285179076716	 5.41
0.000017115403521242768139585394004953400326485279948	 5.42
0.000016501190831561019531446149466447081977094057947	 5.43
0.000015890277713390748236775562585165744167170487344	 5.44
0.000015283367136385074173217032966753947675897506997	 5.45
0.000014681148378242813722668706766238955196968163364	 5.46
0.000014084296297970221603862786552419095187360653654	 5.47
0.000013493470640790370543098640465640158936366788112	 5.48
0.000012909315375047262516123788844701891775912372395	 5.49
0.000012332458061409588175581265867553071302609168924	 5.50
0.000011763509254618620359852942947043175081489607692	 5.51
0.000011203061937980143152916723270351440078229643404	 5.52
0.000010651690990747217469372144782457922929097549058	 5.53
0.000010109952688492813174629680883498394905473105609	 5.54
0.000009578384236522048903058300373114519743467099033	 5.55
0.000009057503336331393514139348477343105514592025429	 5.56
0.000008547807785068291502438703188815338762651663274	 5.57
0.000008049775107910596847675226139795512381169828586	 5.58
0.000007563862223232576175249459310423461033678904641	 5.59
0.000007090505140388019580640135974825000175769673660	 5.60
0.000006630118689897593808792869429780125756224151701	 5.61
0.000006183096285789387387330211937053192627899989020	 5.62
0.000005749809719802030709380133433050730218383250758	 5.63
0.000005330608987124347755834005702091360490157967433	 5.64
0.000004925822143307850614537407585302730694820638746	 5.65
0.000004535755191957860886498021812940351082943379879	 5.66
0.000004160692002771792948306438936212359180899511557	 5.67
0.000003800894259464902855350171631543254591178992996	 5.68
0.000003456601437092377089376838208978348632172128418	 5.69
0.000003128030808249560369319964073242523738827003399	 5.70
0.000002815377477601682768308319348982138308201683685	 5.71
0.000002518814444172672974354065464352991909890988609	 5.72
0.000002238492690795240898788938735397557877604413079	 5.73
0.000001974541300102696182299519614411487111738097155	 5.74
0.000001727067596421124168702947859754814885491214227	 5.75
0.000001496157312900303817186880954437366852971535991	 5.76
0.000001281874783202621572865517914074917626976457541	 5.77
0.000001084263157052697108966607224267431064390621032	 5.78
0.000000903344638932538412514163840560943441460040049	 5.79
0.000000739120749194300498196652862703537323341151932	 5.80
0.000000591572606847805890788367672722403156626569398	 5.81
0.000000460661233268374682944156428207604925262330653	 5.82
0.000000346327876059371480228007023766112482121570793	 5.83
0.000000248494352294911707340938729002277618462812825	 5.84
0.000000167063410358605053473253151952171435823402135	 5.85
0.000000101919109588416913268756156408373358956964694	 5.86
0.000000052927216930753085635237380462275735837351931	 5.87
0.000000019935619802624781606601315543138286390245639	 5.88
0.000000002774754356881971779293488260817804325064628	 5.89
0.000000001258048343186624451675089039206448943142291	 5.90
0.000000015182377755758163429464281690174642935886595	 5.91
0.000000044328536458789470373948225041457749107109976	 5.92
0.000000088461717980950412048630386932512870146183559	 5.93
0.000000147332008672148716100862818334515935703166178	 5.94
0.000000220674891418550753616621327123092921596025917	 5.95
0.000000308211759115035657006169802010764335875592224	 5.96
0.000000409650437099436230940112998316626757855374308	 5.97
0.000000524685713757724316394113681094601986387715442	 5.98
0.000000652999878516068923154031314326495305522257695	 5.99
0.000000794263266442301131834075652443649673273284861	 6.00
0.000000948134808687859605574345649853240658444519795	 6.01
0.000001114262588009239532277632085677243622967580450	 6.02
0.000001292284398618001214673165107094110481966708903	 6.03
0.000001481828309617698811843661960141460554041259456	 6.04
0.000001682513231298028347606224319754630869283573702	 6.05
0.000001893949483566281143326684444083696234883973375	 6.06
0.000002115739365809814204736532053385822393920534523	 6.07
0.000002347477727494491231234868128252557539781264495	 6.08
0.000002588752538818033171270829168042482137934712227	 6.09
0.000002839145460750034338201540709545334095764701487	 6.10
0.000003098232413805593119237322477510510054798942292	 6.11
0.000003365584144912481584288382538416861677887936821	 6.12
0.000003640766791748465274104621172690521291315235430	 6.13
0.000003923342443939135179965891492281926389296131674	 6.14
0.000004212869700523837071613059146457658243889454752	 6.15
0.000004508904223111199234400644358933263333710783627	 6.16
0.000004810999284165382888940869915428422132208652329	 6.17
0.000005118706309877017621373998523814918826246866956	 6.18
0.000005431575417092303603152844693191525493602966890	 6.19
0.000005749155943789895392259225309627979072502057534	 6.20
0.000006070996972612766088238638734209118297258100938	 6.21
0.000006396647846979439453038093765790961242601042613	 6.22
0.000006725658679315815777590478047320843302259163465	 6.23
0.000007057580850969495042397227474451071316252637189	 6.24
0.000007391967503381733269063064845072474895459890831	 6.25
0.000007728374020114307706911908890656803805541130714	 6.26
0.000008066358499344314535368406782200878524236031808	 6.27
0.000008405482216458182252033504155974696914199739695	 6.28
0.000008745310076394904191549733996069448949128855020	 6.29
0.000009085411055404690584369302441825055893787066452	 6.30
0.000009425358631911264268199608651332965791880269535	 6.31
0.000009764731206177204152771645362385299904417479411	 6.32
0.000010103112508497769014012904187360675223317230120	 6.33
0.000010440091995658718967976419378373975632712244987	 6.34
0.000010775265235417085988396321272198008500708965585	 6.35
0.000011108234278777983505695839405724711923539871350	 6.36
0.000011438608019859584731862077455755155597216798924	 6.37
0.000011766002543154477735006663285943773189501371235	 6.38
0.000012090041458014673693139966192955370161143946461	 6.39
0.000012410356220201256526036726057782288989983499050	 6.40
0.000012726586440360509278968761948114263304887572303	 6.41
0.000013038380179300732865637496571409315038181375712	 6.42
0.000013345394229963542626852396333347883228270802647	 6.43
0.000013647294385997185670630731102459520798220182769	 6.44
0.000013943755696857434962050367732722122582345036790	 6.45
0.000014234462709374616392861770397537668486620532349	 6.46
0.000014519109695743202538250130051444841683405684307	 6.47
0.000014797400867903213946301030357055594777193618938	 6.48
0.000015069050578300736018487991640935064197037718259	 6.49
0.000015333783507023428124794658944374248221720336005	 6.50
0.000015591334835329141294147509144707441919308621436	 6.51
0.000015841450405591668028609103613391084763861726969	 6.52
0.000016083886867707539511515232866223357177659636363	 6.53
0.000016318411812016831791615975588705111931631108746	 6.54
0.000016544803888806053593059711137591705210070358589	 6.55
0.000016762852914473839685159314849549616610602242872	 6.56
0.000016972359964450499077506795408964990201639011502	 6.57
0.000017173137452977124364121921940018467012123437598	 6.58
0.000017365009199860099054369549920195936465461272746	 6.59
0.000017547810484326675474963871947942095630423864350	 6.60
0.000017721388086123535143042578843264323040784802288	 6.61
0.000017885600314002069713328196831625405138765927404	 6.62
0.000018040317021754622187849209646870463075174484402	 6.63
0.000018185419611966470177779817141150431325513636693	 6.64
0.000018320801027664904359537265121637972242751857266	 6.65
0.000018446365732051630788920076886583387931750621647	 6.66
0.000018562029676514866415515045416917416787327965721	 6.67
0.000018667720257127261735416792753916581659723306075	 6.68
0.000018763376259841432535995994768107664185663452372	 6.69
0.000018848947794604745538090198597735991370427655056	 6.70
0.000018924396218621104766343180014764868701604427770	 6.71
0.000018989694048995064729230819455807477424968965352	 6.72
0.000019044824865001070709038047401584492490655975416	 6.73
0.000019089783200224282256251759348764096557715674862	 6.74
0.000019124574424828702523277562663750472893298137933	 6.75
0.000019149214618213065904365685621080217515554977581	 6.76
0.000019163730432317436889891673623687040617369348183	 6.77
0.000019168158945852631163363211097561134010902605951	 6.78
0.000019162547509726853570350205147043709530407795683	 6.79
0.000019146953583947898150201261113778627986903302372	 6.80
0.000019121444566284269856457425640350322737504029647	 6.81
0.000019086097612972341641896303898739972737530479208	 6.82
0.000019040999451757778667630033320179450129217002541	 6.83
0.000018986246187566335915080512064534445926256012172	 6.84
0.000018921943101096699412898977099573016857902985066	 6.85
0.000018848204440635281728530156519774152457102900371	 6.86
0.000018765153207392001459856076261978330421698046848	 6.87
0.000018672920934657106454418462604394335357937961817	 6.88
0.000018571647461083657520974909971300803590565919876	 6.89
0.000018461480698398310729179197520188893122394802049	 6.90
0.000018342576393845198021257530962557780185306910425	 6.91
0.000018215097887668068389653910910119805066642584279	 6.92
0.000018079215865935299609136219234351017348672030494	 6.93
0.000017935108109014430167191603282539347219426417723	 6.94
0.000017782959235998818995315440272264595478191040456	 6.95
0.000017622960445392245776470574458727469391305930912	 6.96
0.000017455309252354239002305927308533739505946869031	 6.97
0.000017280209222807949948031921993951698368618963286	 6.98
0.000017097869704710896566731206935862985574203776196	 6.99
0.000016908505556788928409937475261237693757720990106	 7.00
0.000016712336875028600168468714826097709647001465783	 7.01
0.000016509588717224730461310272522368336467479821295	 7.02
0.000016300490825873678173455957884918632316839648411	 7.03
0.000016085277349704152745563448534404926704155514017	 7.04
0.000015864186564131774236433014557690057699801400304	 7.05
0.000015637460590921051104213237992190954628313193098	 7.06
0.000015405345117335980480426788075121180554560851306	 7.07
0.000015168089115057063862197772596829281610553152859	 7.08
0.000014925944559137352388622672905160726486428757198	 7.09
0.000014679166147268733180666216986409722267126198858	 7.10
0.000014428011019621912790298484674522683235409203917	 7.11
0.000014172738479525158084991638685057324664740008302	 7.12
0.000013913609715235467382751788356642919097794219851	 7.13
0.000013650887523057677632159351288620996456302236766	 7.14
0.000013384836032056791438283813167053892811964033172	 7.15
0.000013115720430609881773115904524118491281114984304	 7.16
0.000012843806695032436278000077811700663232841179706	 7.17
0.000012569361320513896339398814128163195391607587226	 7.18
0.000012292651054590442700575718404376601711192051880	 7.19
0.000012013942633375766089317768225974703000247245654	 7.20
0.000011733502520767884717703757879725401380710536614	 7.21
0.000011451596650842597985265301774315815919180749916	 7.22
0.000011168490173639081825137341075215857699731714092	 7.23
0.000010884447204537323874908721910159670187567826360	 7.24
0.000010599730577420139125254666678799253531906288117	 7.25
0.000010314601601809086380391947135315433570212917402	 7.26
0.000010029319824153417752107993188293022512880270369	 7.27
0.000009744142793449529836406763916301088102045468986	 7.28
0.000009459325831358029397001076221673798727351822890	 7.29
0.000009175121806982350006328882918715805772080784664	 7.30
0.000008891780916464787258915447587526159622939303517	 7.31
0.000008609550467549318347000239515232067333272425458	 7.32
0.000008328674669255091485178636723230027882891590707	 7.33
0.000008049394426797435215148630860415579491018434055	 7.34
0.000007771947141885895540065927467043849219408002682	 7.35
0.000007496566518523990914606852653534474484331440181	 7.36
0.000007223482374426578679681241329513241566928627435	 7.37
0.000006952920458166476966441107293581680437455361243	 7.38
0.000006685102272152789010489608301224251363237272017	 7.39
0.000006420244901539425408495877917181005045677011367	 7.40
0.000006158560849152963523485924957068249341318733059	 7.41
0.000005900257876524572744523448181164226866712851916	 7.42
0.000005645538851102987343158826072375688909232849255	 7.43
0.000005394601599719176250710868381066376286980812438	 7.44
0.000005147638768365976341277647637673098302002472337	 7.45
0.000004904837688351926469642640127322152920896769501	 7.46
0.000004666380248877649210639557281199429894513741601	 7.47
0.000004432442776081880414040890109328429957713524345	 7.48
0.000004203195918592936258090502626982853939807682764	 7.49
0.000003978804539618760506840440538400827108489465900	 7.50
0.000003759427615599477263920100145178082584607182071	 7.51
0.000003545218141442855516986534455958768319305818295	 7.52
0.000003336323042353516483152437235859544273353094468	 7.53
0.000003132883092264421000467181088744439421134302393	 7.54
0.000002935032838869626455144835192045960070572618861	 7.55
0.000002742900535253306856304416141978386178834625753	 7.56
0.000002556608078103479987722981489617346539944264805	 7.57
0.000002376270952493271008211300418522249344732699683	 7.58
0.000002201998183206076893251917567240205642065120628	 7.59
0.000002033892292576282795704429445793337549730495084	 7.60
0.000001872049264811074084074852576231595691069742315	 7.61
0.000001716558516753224131044146608116029995017015608	 7.62
0.000001567502875039997081545173340799692596192471683	 7.63
0.000001424958559607215933336035046385958935388771351	 7.64
0.000001288995173483243970920394082246840383731978363	 7.65
0.000001159675698811761466989166124985644046319066547	 7.66
0.000001037056499038021034996676604522658493579001515	 7.67
0.000000921187327187738126503535607270123364287428558	 7.68
0.000000812111340163583424324011527523081710455699067	 7.69
0.000000709865118979772183828891481127687512753254850	 7.70
0.000000614478694849971312350500780852247117991282721	 7.71
0.000000525975581040487605558768954144843732478875609	 7.72
0.000000444372810395694065563364835019788401382356824	 7.73
0.000000369680978439225612499990057668863840945050470	 7.74
0.000000301904291949826825725711068951206961230582237	 7.75
0.000000241040622907795887575066202251905522757624567	 7.76
0.000000187081567703479813296693775280521432335945065	 7.77
0.000000140012511496581718394350050092833637194189578	 7.78
0.000000099812697610901689280750144830922643279791373	 7.79
0.000000066455301846496499278784981113582519540727844	 7.80
0.000000039907511587907670526926808213588615537048554	 7.81
0.000000020130609584176386959062399228427564512600156	 7.82
0.000000007080062273600930652229148835365146741338549	 7.83
0.000000000705612523617612022352353284772481789577370	 7.84
0.000000000951376653583978011286858036379878583721492	 7.85
0.000000007755945605960421259844524968438128631476047	 7.86
0.000000021052490129180524488733628135986308826943514	 7.87
0.000000040768869833427401702781402072911509648633910	 7.88
0.000000066827745978668202835079983122751334789768407	 7.89
0.000000099146697852493722713750057533993453873222279	 7.90
0.000000137638342593803290327150149092994002586465285	 7.91
0.000000182210458316678549142630049416380355609135222	 7.92
0.000000232766110387957140381566490880405062569025176	 7.93
0.000000289203780710163245293553005085818163877320330	 7.94
0.000000351417499861198818587729782864093053262877220	 7.95
0.000000419296981940643014782888180896902596828113019	 7.96
0.000000492727761972285691008269312846090670632293040	 7.97
0.000000571591335711658524072222280903998736789617396	 7.98
0.000000655765301706999504335079791139673233146822895	 7.99
0.000000745123505461680284275502450519468311540549621	 8.00
0.000000839536185546238779719323882394510505378093512	 8.01
0.000000938870121507660889870910438104179007723359973	 8.02
0.000001042988783424238863754601909505925760868194629	 8.03
0.000001151752482954033038098405963833847920341213467	 8.04
0.000001265018525726012827876411880045903757263658918	 8.05
0.000001382641364922419114090500549818507636246067705	 8.06
0.000001504472755902958839587359521350329316646821098	 8.07
0.000001630361911720836571633051412244519440264411969	 8.08
0.000001760155659382477180528595375741396367175184423	 8.09
0.000001893698596703208194419465471014518698211759329	 8.10
0.000002030833249613038309858842334065798240771982819	 8.11
0.000002171400229766701995485871090618701373387011699	 8.12
0.000002315238392315074460067704162358204200700129149	 8.13
0.000002462184993695193816810352915869231082979240455	 8.14
0.000002612075849298555295786676555547245470734196715	 8.15
0.000002764745490878676856738235811938864117109915242	 8.16
0.000002920027323560799874024645692016655118550261250	 8.17
0.000003077753782318545211602218991675528059204225428	 8.18
0.000003237756487784663335090327290766154533230292145	 8.19
0.000003399866401264040747300662972940621386896964395	 8.20
0.000003563913978821103970874312888428292467324354220	 8.21
0.000003729729324314021917269887720913779105558205629	 8.22
0.000003897142341252396009157899642305622478488658089	 8.23
0.000004065982883356018501937092363140990869396773633	 8.24
0.000004236080903695790825171270388427302577838418074	 8.25
0.000004407266602300129084692978387316486532654380426	 8.26
0.000004579370572113142552205140856091958312390488572	 8.27
0.000004752223943192850061693031926690622412934317254	 8.28
0.000004925658525042025876253520139114172593508556020	 8.29
0.000005099506946965227547827192999818635144038125873	 8.30
0.000005273602796350415179238522306315317678127030376	 8.31
0.000005447780754774859835062005009032048974404460751	 8.32
0.000005621876731839759362447262597273223150295962114	 8.33
0.000005795727996639441861903042918502393376911641099	 8.34
0.000005969173306775633048811870173810945061632082798	 8.35
0.000006142053034829181429039672568404029107114183716	 8.36
0.000006314209292206592048812049261519163678713084664	 8.37
0.000006485486050279133778140045613058717322019219864	 8.38
0.000006655729258739625474599211490955852355000388343	 8.39
0.000006824786961100959441542911088074419012627913617	 8.40
0.000006992509407267504331368740411178919202939141542	 8.41
0.000007158749163111277574549334151710056062256626319	 8.42
0.000007323361216989661407112711943856453444823273458	 8.43
0.000007486203083144763714674128907144989852895378135	 8.44
0.000007647134901926780559859933572575130256154807284	 8.45
0.000007806019536788630898090958487589574588128016330	 8.46
0.000007962722668001579370811691960252431954359053634	 8.47
0.000008117112883045910038336788472346228218157193623	 8.48
0.000008269061763632523176861810476623304566601291299	 8.49
0.000008418443969317441995031323087594898879615357146	 8.50
0.000008565137317671449906550905362134784581940039061	 8.51
0.000008709022860973426660236365592915319666644791141	 8.52
0.000008849984959397105287767608394755569634071434848	 8.53
0.000008987911350666150588854114156234231813868973404	 8.54
0.000009122693216154482588197034698129783691911143251	 8.55
0.000009254225243412951047326450715324597240396542475	 8.56
0.000009382405685106355496742473742965984229158493690	 8.57
0.000009507136414348151033930529874016457370089483447	 8.58
0.000009628322976424477977995530775245924814953468740	 8.59
0.000009745874636900288495808958311172887079010251909	 8.60
0.000009859704426105577978176920661557147695930325426	 8.61
0.000009969729180001594111087091787393177355625084601	 8.62
0.000010075869577431536633577505157610687547276029363	 8.63
0.000010178050173760941788259765106161580661137122661	 8.64
0.000010276199430918461349081759192980456418808898889	 8.65
0.000010370249743849860305151301675952169034644612111	 8.66
0.000010460137463399404061828272538559048143724794500	 8.67
0.000010545802915639167237726696313426799633816699497	 8.68
0.000010627190417666126980239874044720238543959567323	 8.69
0.000010704248289891938486040161293555428301260690205	 8.70
0.000010776928864852086122853164207313625411188695580	 8.71
0.000010845188492563959743904267174485767100122757256	 8.72
0.000010908987542466465269440888119500954189788899384	 8.73
0.000010968290401975406607058480257244070799060864374	 8.74
0.000011023065471692384393025826438972103460400830954	 8.75
0.000011073285157306827285552709716487385094296769239	 8.76
0.000011118925858232858630125078347461453631694894284	 8.77
0.000011159967953026253773213608000425267618993530050	 8.78
0.000011196395781627178675596452628315802257930045016	 8.79
0.000011228197624478205348536041796592144237365573645	 8.80
0.000011255365678568288870307727289610255638763192110	 8.81
0.000011277896030455245742732568736688136823431705125	 8.82
0.000011295788626322617433442307977031759946839883924	 8.83
0.000011309047239126470912689258196959229962885729037	 8.84
0.000011317679432891614838257304809232550724118482322	 8.85
0.000011321696524216959069716707808606059870726312511	 8.86
0.000011321113541052794511875510818921242162105045281	 8.87
0.000011315949178812414533442515240935222209373023361	 8.88
0.000011306225753883814493872331241597350981464842334	 8.89
0.000011291969154608469684520320741594190394607721828	 8.90
0.000011273208789793756615300358847608919177218922414	 8.91
0.000011249977534829372203444355915458174877130659297	 8.92
0.000011222311675477565013942134186653021288293530233	 8.93
0.000011190250849408310684506180632258320883920532651	 8.94
0.000011153837985552903172906114015461298549780622125	 8.95
0.000011113119241348660970469808262350852601230144501	 8.96
0.000011068143937949692062858338126307700122197275050	 8.97
0.000011018964493478117624069775870587761801289161667	 8.98
0.000010965636354393119044942257744867930568943847902	 8.99
0.000010908217925053341612194775234190302626302582212	 9.00
0.000010846770495550071955318839622695037405719631352	 9.01
0.000010781358167889776978167273857600605424522655085	 9.02
0.000010712047780603250291897934887153098770795622841	 9.03
0.000010638908831860690784782731699298352623372920789	 9.04
0.000010562013401171226506828834668105798755277646706	 9.05
0.000010481436069746803121851413953535825385188218206	 9.06
0.000010397253839608458825835395067382904699115897529	 9.07
0.000010309546051516163675185189241290117934113368392	 9.08
0.000010218394301800311292269772545093786675352021120	 9.09
0.000010123882358174690721344148036653365352321998216	 9.10
0.000010026096074611057587262080703638389422849286348	 9.11
0.000009925123305353196012743716147852524045447353274	 9.12
0.000009821053818150512519581825376935313443027553149	 9.13
0.000009713979206789136378779117575454904454090865329	 9.14
0.000009603992802999158172176132064468134785784059204	 9.15
0.000009491189587815847199356485142107686669987742789	 9.16
0.000009375666102471766791769634818987100288723013364	 9.17
0.000009257520358897731505877504165624714005389250815	 9.18
0.000009136851749907028204136620608277752353387768380	 9.19
0.000009013760959141188890998697136325290557579137385	 9.20
0.000008888349870848760838964661146199830454861512408	 9.21
0.000008760721479574579213431793911492917459327145480	 9.22
0.000008630979799830615036872194512085343376384116709	 9.23
0.000008499229775821461860306829660949290428106905892	 9.24
0.000008365577191296550422150088421879843281203648075	 9.25
0.000008230128579598817352576921313467295249211019836	 9.26
0.000008092991133979862301557443859945095709917950444	 9.27
0.000007954272618250338684558163604432223792173317634	 9.28
0.000007814081277832200575343170323439068170046084560	 9.29
0.000007672525751279965294197188407920862118771765381	 9.30
0.000007529714982335777006541236572312314478949701879	 9.31
0.000007385758132581883506279692847007467548792192247	 9.32
0.000007240764494753639455811630026849101682273612823	 9.33
0.000007094843406774373126548894480380980098743748385	 9.34
0.000006948104166571637645144488004689264926128089428	 9.35
0.000006800655947734429584039961974584187487380404491	 9.36
0.000006652607716067944838747149488566989816717978101	 9.37
0.000006504068147102251151866428996450864019607251976	 9.38
0.000006355145544609089086531689138936940253188367933	 9.39
0.000006205947760180253463418477422042229818544001319	 9.40
0.000006056582113918416201666164444539219857688294724	 9.41
0.000005907155316291515778344498738272605464771913830	 9.42
0.000005757773391197792244705893488498915644413500559	 9.43
0.000005608541600289897755015657010435603524456382729	 9.44
0.000005459564368602853381420240280741396077246463392	 9.45
0.000005310945211529094093843780810537680281413486227	 9.46
0.000005162786663184329133781998860674988804930762853	 9.47
0.000005015190206203349857123647420609202640662260819	 9.48
0.000004868256203005907302645057649348458994609245565	 9.49
0.000004722083828569708707290682875301612853036203887	 9.50
0.000004576771004745881347194457616778251463074411731	 9.51
0.000004432414336151881929998837955642088104468712118	 9.52
0.000004289109047673663554871553021952124140625528526	 9.53
0.000004146948923608395566522272224219136660394724458	 9.54
0.000004006026248476914047153257109057378215766220819	 9.55
0.000003866431749532714927256385473164357335917884484	 9.56
0.000003728254540994656179457361275253468591017735889	 9.57
0.000003591582070026681136181443201871310577644180739	 9.58
0.000003456500064487374375443197449531140819090069272	 9.59
0.000003323092482470647124153089596587662413185171317	 9.60
0.000003191441463656284312569444416851638379739597440	 9.61
0.000003061627282488834691771915214042465436250495259	 9.62
0.000002933728303200164722589924834461605485103063984	 9.63
0.000002807820936690623826406274995970413499435380800	 9.64
0.000002683979599281526492044738438358386645177233731	 9.65
0.000002562276673350238376280271074270089570745767560	 9.66
0.000002442782469857847834222288815886336976745951688	 9.67
0.000002325565192776771737421387387101390231691766530	 9.68
0.000002210690905426009932266623661534232780923048267	 9.69
0.000002098223498718116637919020930902469501688756282	 9.70
0.000001988224661322175617527352117774874784572602948	 9.71
0.000001880753851744095411926234115429501514427101938	 9.72
0.000001775868272325699320177702991707668900289718295	 9.73
0.000001673622845160845757327139349257549838512204587	 9.74
0.000001574070189926803608316098828656670605141698616	 9.75
0.000001477260603626792679466230365226131482359051006	 9.76
0.000001383242042238907323030558046972338104296795791	 9.77
0.000001292060104264758356066656111438284426640166203	 9.78
0.000001203758016169677405140842237074583209732736577	 9.79
0.000001118376619705717732892254374921225945627156761	 9.80
0.000001035954361106866387473210942837820169870610698	 9.81
0.000000956527282144419901740582841409565872936582309	 9.82
0.000000880129013029970725678105374079063238923481549	 9.83
0.000000806790767151287406349323416687724375151447020	 9.84
0.000000736541337626204981827609304806392387376945408	 9.85
0.000000669407095657240611265108558985970077515048615	 9.86
0.000000605411990670133224954469180340010936447470158	 9.87
0.000000544577552216266288972199363649373538009967888	 9.88
0.000000486922893620366805772200005653083110246370779	 9.89
0.000000432464717351425718607101349871824069737158425	 9.90
0.000000381217322095540229285747131637851481400502962	 9.91
0.000000333192611507285467422945007473500389494347473	 9.92
0.000000288400104615908594235052300747135234360030154	 9.93
0.000000246846947861429284402760581801361539078243368	 9.94
0.000000208537928734842150779450449873952955215372640	 9.95
0.000000173475490995712521991853121913762514338941401	 9.96
0.000000141659751439832243241596183500052852366479783	 9.97
0.000000113088518188685641262612301561479855038783171	 9.98
0.000000087757310471482145332921599202580242859994542	 9.99
0.000000065659379870094005775158993182955002865242022	 10.00
0.000000046785732996511485325743249022445446883011755	 10.01
0.000000031125155571343306150849879242528683853663551	 10.02
0.000000018664237871921975123488401395420444028871998	 10.03
0.000000009387401517230202486749351346168035448158662	 10.04
0.000000003276927556854556863557695331533141380742080	 10.05
0.000000000312985830378229530458809395614800351326235	 10.06
0.000000000473665563039989925884769949015204795750300	 10.07
0.000000003735007163190934901991947661784032597154237	 10.08
0.000000010071035186479962138104489899771004646211736	 10.09
